0.7058823529411764
0.7176470588235294
0.7019607843137254
0.6823529411764706
0.7019607843137254
0.7137254901960784
0.6823529411764706
0.7294117647058824
0.7254901960784313
0.7098039215686274
0.7098039215686274
0.7098039215686274
0.6823529411764706
0.6901960784313725
0.6941176470588235
0.6941176470588235
0.7176470588235294
0.6980392156862745
0.7058823529411764
0.6862745098039216
0.6862745098039216
0.6745098039215687
0.6705882352941177
0.7019607843137254
0.7019607843137254
0.6745098039215687
0.6901960784313725
0.7215686274509804
0.6901960784313725
0.6941176470588235
0.6705882352941177
0.6549019607843137
0.6823529411764706
0.6784313725490196
0.6588235294117647
0.6588235294117647
0.6705882352941177
0.6549019607843137
0.6980392156862745
0.6901960784313725
0.6627450980392157
0.6784313725490196
0.6705882352941177
0.6980392156862745
0.6705882352941177
0.6745098039215687
0.6666666666666667
0.6901960784313725
0.6823529411764706
0.6549019607843137
0.6431372549019607
0.6392156862745098
0.6784313725490196
0.6196078431372549
0.6901960784313725
0.6588235294117647
0.6509803921568628
0.6470588235294117
0.6588235294117647
0.7019607843137254
0.6627450980392157
0.6980392156862745
0.6862745098039216
0.6862745098039216
0.6980392156862745
0.7098039215686274
0.6901960784313725
0.6980392156862745
0.7098039215686274
0.6705882352941177
0.6980392156862745
0.6862745098039216
0.6980392156862745
0.6784313725490196
0.7137254901960784
0.6980392156862745
0.6666666666666667
0.7137254901960784
0.7058823529411764
0.7176470588235294
0.7254901960784313
0.6745098039215687
0.6941176470588235
0.6627450980392157
0.7019607843137254
0.6980392156862745
0.6705882352941177
0.6941176470588235
0.6784313725490196
0.6705882352941177
0.6549019607843137
0.6588235294117647
0.6823529411764706
0.6627450980392157
0.6588235294117647
0.6980392156862745
0.6745098039215687
0.7019607843137254
0.6980392156862745
0.7058823529411764
0.6980392156862745
0.6823529411764706
0.6627450980392157
0.6823529411764706
0.6784313725490196
0.6470588235294117
0.6784313725490196
0.6666666666666667
0.6862745098039216
0.6588235294117647
0.6588235294117647
0.6627450980392157
0.7058823529411764
0.6627450980392157
0.6627450980392157
0.6705882352941177
0.6627450980392157
0.6823529411764706
0.6901960784313725
0.6980392156862745
0.6745098039215687
0.7098039215686274
0.6705882352941177
0.7098039215686274
0.7019607843137254
0.7019607843137254
0.6941176470588235
0.6862745098039216
0.6941176470588235
0.6745098039215687
0.6784313725490196
0.7176470588235294
0.7176470588235294
0.7176470588235294
0.7254901960784313
0.7137254901960784
0.7176470588235294
0.7294117647058824
0.6941176470588235
0.7058823529411764
0.7254901960784313
0.6784313725490196
0.6980392156862745
0.6823529411764706
0.6941176470588235
0.7058823529411764
0.6901960784313725
0.6784313725490196
0.7019607843137254
0.6862745098039216
0.7176470588235294
0.6980392156862745
0.6980392156862745
0.6862745098039216
0.6901960784313725
0.6627450980392157
0.6784313725490196
0.6823529411764706
0.6745098039215687
0.6823529411764706
0.6901960784313725
0.6862745098039216
0.7098039215686274
0.6666666666666667
0.6352941176470588
0.6823529411764706
0.6745098039215687
0.6627450980392157
0.6745098039215687
0.6588235294117647
0.6823529411764706
0.6666666666666667
0.6627450980392157
0.6784313725490196
0.6235294117647059
0.6862745098039216
0.6549019607843137
0.7019607843137254
0.7019607843137254
0.7215686274509804
0.6901960784313725
0.6823529411764706
0.6980392156862745
0.7019607843137254
0.6980392156862745
0.7058823529411764
0.7333333333333334
0.6705882352941177
0.7176470588235294
0.6784313725490196
0.7058823529411764
0.6901960784313725
0.6901960784313725
0.7215686274509804
0.6784313725490196
0.6745098039215687
0.7058823529411764
0.7058823529411764
0.6745098039215687
0.7294117647058824
0.7176470588235294
0.7137254901960784
0.6784313725490196
0.7176470588235294
0.7019607843137254
0.6666666666666667
0.7098039215686274
0.7019607843137254
0.6941176470588235
0.6784313725490196
0.6901960784313725
0.6862745098039216
0.6862745098039216
0.6745098039215687
0.6784313725490196
0.6901960784313725
0.6980392156862745
0.6980392156862745
0.6745098039215687
0.6823529411764706
0.6980392156862745
0.6862745098039216
0.6823529411764706
0.6901960784313725
0.6823529411764706
0.6470588235294117
0.6705882352941177
0.6745098039215687
0.6627450980392157
0.6941176470588235
0.6901960784313725
0.6666666666666667
0.6627450980392157
0.6470588235294117
0.6666666666666667
0.6745098039215687
0.6980392156862745
0.6823529411764706
0.7176470588235294
0.7019607843137254
0.7333333333333334
0.6784313725490196
0.7254901960784313
0.7333333333333334
0.7019607843137254
0.7137254901960784
0.7137254901960784
0.7019607843137254
0.6862745098039216
0.7058823529411764
0.7254901960784313
0.6784313725490196
0.6901960784313725
0.6862745098039216
0.6666666666666667
0.6666666666666667
0.7176470588235294
0.7058823529411764
0.6745098039215687
0.7019607843137254
0.7137254901960784
0.7019607843137254
0.6784313725490196
0.6941176470588235
0.6901960784313725
0.7176470588235294
0.7176470588235294
0.6823529411764706
0.6705882352941177
0.7058823529411764
0.6941176470588235
0.6745098039215687
0.6784313725490196
0.6784313725490196
0.7098039215686274
0.6784313725490196
0.7137254901960784
0.6862745098039216
0.6588235294117647
0.6745098039215687
0.6745098039215687
0.7058823529411764
0.6549019607843137
0.7019607843137254
0.6549019607843137
0.6705882352941177
0.6705882352941177
0.6549019607843137
0.6588235294117647
0.6823529411764706
0.6431372549019607
0.6666666666666667
0.6823529411764706
0.7058823529411764
0.6705882352941177
0.7058823529411764
0.7372549019607844
0.6588235294117647
0.6862745098039216
0.6980392156862745
0.7137254901960784
0.7098039215686274
0.7215686274509804
0.6862745098039216
0.6705882352941177
0.7176470588235294
0.7215686274509804
0.6784313725490196
0.6941176470588235
0.7215686274509804
0.7019607843137254
0.6823529411764706
0.6941176470588235
0.7176470588235294
0.6823529411764706
0.6823529411764706
0.6901960784313725
0.7137254901960784
0.6745098039215687
0.6627450980392157
0.6862745098039216
0.7176470588235294
0.6705882352941177
0.7176470588235294
0.6980392156862745
0.7176470588235294
0.6823529411764706
0.7215686274509804
0.7098039215686274
0.6666666666666667
0.6862745098039216
0.7019607843137254
0.6313725490196078
0.24705882352941178
0.7019607843137254
0.6941176470588235
0.6784313725490196
0.6901960784313725
0.6901960784313725
0.6392156862745098
0.6901960784313725
0.6862745098039216
0.6549019607843137
0.6705882352941177
0.6588235294117647
0.7019607843137254
0.6509803921568628
0.7137254901960784
0.6627450980392157
0.6941176470588235
0.6705882352941177
0.6666666666666667
0.6784313725490196
0.6627450980392157
0.6745098039215687
0.6941176470588235
0.6980392156862745
0.7215686274509804
0.7098039215686274
0.6823529411764706
0.7019607843137254
0.6941176470588235
0.7019607843137254
0.7137254901960784
0.7137254901960784
0.6823529411764706
0.7176470588235294
0.7176470588235294
0.7215686274509804
0.6901960784313725
0.6901960784313725
0.7254901960784313
0.7058823529411764
0.6784313725490196
0.6823529411764706
0.7411764705882353
0.7137254901960784
0.7215686274509804
0.6705882352941177
0.7098039215686274
0.7019607843137254
0.7294117647058824
0.6784313725490196
0.6549019607843137
0.7098039215686274
0.7058823529411764
0.6823529411764706
0.7215686274509804
0.7176470588235294
0.6745098039215687
0.38431372549019605
0.3294117647058824
0.27450980392156865
0.1843137254901961
0.6666666666666667
0.6352941176470588
0.6745098039215687
0.6862745098039216
0.6901960784313725
0.6862745098039216
0.6823529411764706
0.6509803921568628
0.6901960784313725
0.6705882352941177
0.6862745098039216
0.6745098039215687
0.6823529411764706
0.6901960784313725
0.6588235294117647
0.6627450980392157
0.6666666666666667
0.6823529411764706
0.6470588235294117
0.7058823529411764
0.7058823529411764
0.7294117647058824
0.7137254901960784
0.6784313725490196
0.7137254901960784
0.6745098039215687
0.7215686274509804
0.7294117647058824
0.7215686274509804
0.6784313725490196
0.7294117647058824
0.7176470588235294
0.6941176470588235
0.6784313725490196
0.7019607843137254
0.7019607843137254
0.6862745098039216
0.7098039215686274
0.6705882352941177
0.7137254901960784
0.7176470588235294
0.7176470588235294
0.7058823529411764
0.7215686274509804
0.7137254901960784
0.6862745098039216
0.7215686274509804
0.7254901960784313
0.6980392156862745
0.6941176470588235
0.6823529411764706
0.7137254901960784
0.6901960784313725
0.7137254901960784
0.6823529411764706
0.3058823529411765
0.26274509803921564
0.207843137254902
0.0980392156862745
0.5372549019607843
0.615686274509804
0.6784313725490196
0.6666666666666667
0.6901960784313725
0.6470588235294117
0.6980392156862745
0.6901960784313725
0.7019607843137254
0.6901960784313725
0.6901960784313725
0.7176470588235294
0.6588235294117647
0.6588235294117647
0.7058823529411764
0.6549019607843137
0.6784313725490196
0.6941176470588235
0.6823529411764706
0.6941176470588235
0.6862745098039216
0.7058823529411764
0.7137254901960784
0.7019607843137254
0.7058823529411764
0.6862745098039216
0.7176470588235294
0.7019607843137254
0.6980392156862745
0.7019607843137254
0.6862745098039216
0.6901960784313725
0.6862745098039216
0.7098039215686274
0.6823529411764706
0.6941176470588235
0.6941176470588235
0.7137254901960784
0.7058823529411764
0.7098039215686274
0.7294117647058824
0.6901960784313725
0.7058823529411764
0.6980392156862745
0.6901960784313725
0.6980392156862745
0.7176470588235294
0.7254901960784313
0.6901960784313725
0.6823529411764706
0.6823529411764706
0.6784313725490196
0.7137254901960784
0.6901960784313725
0.32156862745098036
0.2666666666666667
0.22745098039215683
0.12549019607843137
0.21176470588235297
0.5333333333333333
0.6392156862745098
0.6509803921568628
0.6823529411764706
0.6901960784313725
0.7098039215686274
0.6901960784313725
0.6705882352941177
0.6549019607843137
0.6784313725490196
0.6549019607843137
0.6745098039215687
0.6745098039215687
0.6509803921568628
0.6980392156862745
0.6509803921568628
0.6705882352941177
0.6627450980392157
0.6901960784313725
0.7294117647058824
0.7098039215686274
0.6901960784313725
0.7019607843137254
0.6941176470588235
0.7098039215686274
0.7098039215686274
0.7058823529411764
0.6784313725490196
0.7254901960784313
0.6980392156862745
0.7019607843137254
0.6862745098039216
0.7215686274509804
0.6941176470588235
0.6784313725490196
0.6980392156862745
0.7215686274509804
0.6901960784313725
0.6823529411764706
0.6901960784313725
0.6941176470588235
0.6941176470588235
0.6823529411764706
0.7098039215686274
0.6862745098039216
0.7176470588235294
0.6901960784313725
0.6941176470588235
0.7333333333333334
0.7333333333333334
0.6823529411764706
0.6901960784313725
0.6823529411764706
0.2901960784313725
0.2941176470588235
0.23921568627450984
0.1686274509803921
0.015686274509803977
0.39607843137254906
0.5411764705882354
0.6392156862745098
0.6549019607843137
0.6941176470588235
0.6862745098039216
0.6941176470588235
0.7058823529411764
0.6823529411764706
0.6862745098039216
0.7176470588235294
0.6901960784313725
0.6549019607843137
0.6980392156862745
0.6941176470588235
0.6509803921568628
0.6941176470588235
0.6941176470588235
0.6941176470588235
0.6431372549019607
0.6941176470588235
0.6666666666666667
0.6901960784313725
0.6823529411764706
0.7058823529411764
0.7019607843137254
0.7215686274509804
0.6980392156862745
0.7058823529411764
0.6901960784313725
0.7098039215686274
0.6588235294117647
0.6745098039215687
0.7019607843137254
0.6901960784313725
0.6980392156862745
0.7137254901960784
0.7058823529411764
0.6941176470588235
0.7254901960784313
0.6862745098039216
0.6705882352941177
0.6941176470588235
0.7137254901960784
0.6823529411764706
0.6666666666666667
0.6941176470588235
0.7137254901960784
0.6862745098039216
0.7294117647058824
0.7019607843137254
0.7098039215686274
0.7098039215686274
0.584313725490196
0.32156862745098036
0.196078431372549
0.15294117647058825
0.11764705882352944
0.2941176470588235
0.5137254901960784
0.580392156862745
0.6470588235294117
0.6509803921568628
0.7137254901960784
0.6705882352941177
0.6470588235294117
0.6823529411764706
0.6509803921568628
0.6823529411764706
0.6549019607843137
0.6901960784313725
0.6470588235294117
0.6941176470588235
0.6666666666666667
0.6549019607843137
0.6784313725490196
0.6588235294117647
0.6705882352941177
0.6745098039215687
0.7098039215686274
0.6941176470588235
0.7176470588235294
0.6980392156862745
0.7019607843137254
0.6862745098039216
0.7137254901960784
0.6980392156862745
0.6901960784313725
0.6901960784313725
0.6705882352941177
0.7098039215686274
0.7176470588235294
0.6666666666666667
0.6862745098039216
0.6823529411764706
0.6941176470588235
0.7098039215686274
0.6705882352941177
0.7058823529411764
0.7215686274509804
0.7137254901960784
0.6901960784313725
0.7019607843137254
0.6823529411764706
0.6745098039215687
0.6823529411764706
0.6901960784313725
0.7294117647058824
0.7058823529411764
0.7019607843137254
0.7294117647058824
0.7490196078431373
0.34901960784313724
0.29803921568627456
0.2431372549019608
0.1333333333333333
0.23921568627450984
0.44705882352941173
0.5607843137254902
0.6313725490196078
0.6392156862745098
0.6509803921568628
0.6666666666666667
0.7058823529411764
0.6627450980392157
0.6745098039215687
0.6823529411764706
0.6980392156862745
0.6862745098039216
0.6666666666666667
0.6862745098039216
0.6588235294117647
0.6588235294117647
0.6823529411764706
0.6823529411764706
0.6784313725490196
0.6588235294117647
0.6901960784313725
0.7098039215686274
0.6941176470588235
0.6862745098039216
0.6862745098039216
0.7098039215686274
0.6901960784313725
0.7019607843137254
0.7176470588235294
0.6745098039215687
0.7176470588235294
0.6862745098039216
0.7215686274509804
0.6862745098039216
0.7098039215686274
0.6862745098039216
0.6941176470588235
0.6862745098039216
0.6784313725490196
0.7137254901960784
0.7176470588235294
0.6745098039215687
0.6784313725490196
0.6784313725490196
0.7215686274509804
0.7137254901960784
0.7058823529411764
0.7176470588235294
0.7019607843137254
0.6862745098039216
0.7019607843137254
0.6901960784313725
0.7215686274509804
0.3411764705882353
0.30980392156862746
0.24705882352941178
0.18823529411764706
0.16078431372549018
0.35686274509803917
0.580392156862745
0.5725490196078431
0.6352941176470588
0.6980392156862745
0.6980392156862745
0.6980392156862745
0.6862745098039216
0.6666666666666667
0.7137254901960784
0.6862745098039216
0.6745098039215687
0.6941176470588235
0.6784313725490196
0.6549019607843137
0.6705882352941177
0.6862745098039216
0.6549019607843137
0.6745098039215687
0.6666666666666667
0.6549019607843137
0.6588235294117647
0.6941176470588235
0.6980392156862745
0.6941176470588235
0.7254901960784313
0.6941176470588235
0.6823529411764706
0.6980392156862745
0.6627450980392157
0.7254901960784313
0.7058823529411764
0.6823529411764706
0.7058823529411764
0.7058823529411764
0.6862745098039216
0.6901960784313725
0.6745098039215687
0.6862745098039216
0.6980392156862745
0.7098039215686274
0.7215686274509804
0.6901960784313725
0.7019607843137254
0.6901960784313725
0.7137254901960784
0.6784313725490196
0.6901960784313725
0.6980392156862745
0.7098039215686274
0.7176470588235294
0.6705882352941177
0.6941176470588235
0.3019607843137255
0.3137254901960784
0.25098039215686274
0.19999999999999996
0.1333333333333333
0.36078431372549025
0.4862745098039216
0.5647058823529412
0.6313725490196078
0.6627450980392157
0.6784313725490196
0.7019607843137254
0.6666666666666667
0.6352941176470588
0.6627450980392157
0.7019607843137254
0.6823529411764706
0.6509803921568628
0.6509803921568628
0.6627450980392157
0.6784313725490196
0.6627450980392157
0.6901960784313725
0.6901960784313725
0.6941176470588235
0.6980392156862745
0.6470588235294117
0.6745098039215687
0.7137254901960784
0.7058823529411764
0.6901960784313725
0.6823529411764706
0.7019607843137254
0.7137254901960784
0.6980392156862745
0.6666666666666667
0.6784313725490196
0.6862745098039216
0.7294117647058824
0.6666666666666667
0.6784313725490196
0.7058823529411764
0.6823529411764706
0.7019607843137254
0.7215686274509804
0.6823529411764706
0.7176470588235294
0.7098039215686274
0.6901960784313725
0.6980392156862745
0.7333333333333334
0.6901960784313725
0.6823529411764706
0.7098039215686274
0.6862745098039216
0.7176470588235294
0.7019607843137254
0.7058823529411764
0.4666666666666667
0.2666666666666667
0.19999999999999996
0.1568627450980392
0.1843137254901961
0.14901960784313728
0.4274509803921569
0.5215686274509803
0.603921568627451
0.6627450980392157
0.6901960784313725
0.6901960784313725
0.6705882352941177
0.6588235294117647
0.6745098039215687
0.6823529411764706
0.6862745098039216
0.6588235294117647
0.6509803921568628
0.6941176470588235
0.6588235294117647
0.7019607843137254
0.6980392156862745
0.6784313725490196
0.6666666666666667
0.6823529411764706
0.6549019607843137
0.6901960784313725
0.6509803921568628
0.6784313725490196
0.6627450980392157
0.6862745098039216
0.6666666666666667
0.6980392156862745
0.7254901960784313
0.6862745098039216
0.6980392156862745
0.6862745098039216
0.7058823529411764
0.6784313725490196
0.7176470588235294
0.6941176470588235
0.6666666666666667
0.7058823529411764
0.6941176470588235
0.7058823529411764
0.6823529411764706
0.7137254901960784
0.7019607843137254
0.7019607843137254
0.7058823529411764
0.6705882352941177
0.6941176470588235
0.6705882352941177
0.6941176470588235
0.6941176470588235
0.7058823529411764
0.7215686274509804
0.6980392156862745
0.3411764705882353
0.34901960784313724
0.14117647058823535
0.19215686274509802
0.12549019607843137
0.33725490196078434
0.43529411764705883
0.6
0.6235294117647059
0.6549019607843137
0.6627450980392157
0.6980392156862745
0.6784313725490196
0.6823529411764706
0.6666666666666667
0.6627450980392157
0.7098039215686274
0.6705882352941177
0.6705882352941177
0.6509803921568628
0.6784313725490196
0.6705882352941177
0.6705882352941177
0.6823529411764706
0.6627450980392157
0.6588235294117647
0.6470588235294117
0.6705882352941177
0.6862745098039216
0.6784313725490196
0.6745098039215687
0.6745098039215687
0.7215686274509804
0.6745098039215687
0.6705882352941177
0.7137254901960784
0.7019607843137254
0.6823529411764706
0.6823529411764706
0.7019607843137254
0.7058823529411764
0.6823529411764706
0.7058823529411764
0.7294117647058824
0.7215686274509804
0.6941176470588235
0.7058823529411764
0.6980392156862745
0.7215686274509804
0.7215686274509804
0.6980392156862745
0.7019607843137254
0.7176470588235294
0.7294117647058824
0.7098039215686274
0.6941176470588235
0.7058823529411764
0.7019607843137254
0.2901960784313725
0.3529411764705882
0.29803921568627456
0.2666666666666667
0.23529411764705888
0.18039215686274512
0.43137254901960786
0.5607843137254902
0.6196078431372549
0.6666666666666667
0.6745098039215687
0.6941176470588235
0.7176470588235294
0.6823529411764706
0.6980392156862745
0.7019607843137254
0.6705882352941177
0.6823529411764706
0.6588235294117647
0.6980392156862745
0.6941176470588235
0.6901960784313725
0.7058823529411764
0.6627450980392157
0.6745098039215687
0.6784313725490196
0.6862745098039216
0.6392156862745098
0.6862745098039216
0.6470588235294117
0.6588235294117647
0.6941176470588235
0.7098039215686274
0.6705882352941177
0.6862745098039216
0.7098039215686274
0.6862745098039216
0.6784313725490196
0.7058823529411764
0.6941176470588235
0.7019607843137254
0.7098039215686274
0.6745098039215687
0.6823529411764706
0.6784313725490196
0.6784313725490196
0.6784313725490196
0.7019607843137254
0.7137254901960784
0.6627450980392157
0.7019607843137254
0.6823529411764706
0.7019607843137254
0.7019607843137254
0.7058823529411764
0.6901960784313725
0.6862745098039216
0.7098039215686274
0.7137254901960784
0.34509803921568627
0.36078431372549025
0.2901960784313725
0.27450980392156865
0.10196078431372546
0.3411764705882353
0.4784313725490196
0.584313725490196
0.6196078431372549
0.6666666666666667
0.6705882352941177
0.7019607843137254
0.6549019607843137
0.6549019607843137
0.7019607843137254
0.6901960784313725
0.6941176470588235
0.7058823529411764
0.6980392156862745
0.6901960784313725
0.6941176470588235
0.6980392156862745
0.7019607843137254
0.6823529411764706
0.6705882352941177
0.6627450980392157
0.6470588235294117
0.7019607843137254
0.6470588235294117
0.6862745098039216
0.6705882352941177
0.7176470588235294
0.6980392156862745
0.6666666666666667
0.6862745098039216
0.6901960784313725
0.6980392156862745
0.6980392156862745
0.6823529411764706
0.6745098039215687
0.6784313725490196
0.6666666666666667
0.7450980392156863
0.7333333333333334
0.7098039215686274
0.6705882352941177
0.7372549019607844
0.6941176470588235
0.6705882352941177
0.7333333333333334
0.6862745098039216
0.7058823529411764
0.7254901960784313
0.7254901960784313
0.6862745098039216
0.7176470588235294
0.7176470588235294
0.7450980392156863
0.34509803921568627
0.33333333333333337
0.3019607843137255
0.2901960784313725
0.22745098039215683
0.196078431372549
0.4117647058823529
0.5333333333333333
0.6196078431372549
0.6235294117647059
0.6941176470588235
0.580392156862745
0.6784313725490196
0.6941176470588235
0.6823529411764706
0.7058823529411764
0.6627450980392157
0.6980392156862745
0.6941176470588235
0.7137254901960784
0.6627450980392157
0.6509803921568628
0.6745098039215687
0.6470588235294117
0.6980392156862745
0.6509803921568628
0.7176470588235294
0.6862745098039216
0.6980392156862745
0.6862745098039216
0.6941176470588235
0.7098039215686274
0.6549019607843137
0.6941176470588235
0.7058823529411764
0.7058823529411764
0.6823529411764706
0.6862745098039216
0.7098039215686274
0.7137254901960784
0.6588235294117647
0.7098039215686274
0.6980392156862745
0.6745098039215687
0.6823529411764706
0.7137254901960784
0.7294117647058824
0.7019607843137254
0.7215686274509804
0.7137254901960784
0.7254901960784313
0.7058823529411764
0.7333333333333334
0.7019607843137254
0.7215686274509804
0.7215686274509804
0.6862745098039216
0.6941176470588235
0.3137254901960784
0.3411764705882353
0.28627450980392155
0.20392156862745103
0.2588235294117647
0.07843137254901966
0.3176470588235294
0.4549019607843138
0.5647058823529412
0.6274509803921569
0.3411764705882353
0.25098039215686274
0.2705882352941177
0.2313725490196078
0.7254901960784313
0.7098039215686274
0.6980392156862745
0.6941176470588235
0.6784313725490196
0.6862745098039216
0.6941176470588235
0.6705882352941177
0.6823529411764706
0.6745098039215687
0.6705882352941177
0.6588235294117647
0.6705882352941177
0.6823529411764706
0.6784313725490196
0.6274509803921569
0.6549019607843137
0.6862745098039216
0.6941176470588235
0.6666666666666667
0.6745098039215687
0.6980392156862745
0.6823529411764706
0.7058823529411764
0.6862745098039216
0.6901960784313725
0.7137254901960784
0.7058823529411764
0.6862745098039216
0.7098039215686274
0.7098039215686274
0.7254901960784313
0.7215686274509804
0.6901960784313725
0.7058823529411764
0.6862745098039216
0.7176470588235294
0.7058823529411764
0.7176470588235294
0.7333333333333334
0.6901960784313725
0.6941176470588235
0.6784313725490196
0.7568627450980392
0.24705882352941178
0.2313725490196078
0.1568627450980392
0.30980392156862746
0.2901960784313725
0.32156862745098036
0.10588235294117643
0.403921568627451
0.4862745098039216
0.5686274509803921
0.24705882352941178
0.2313725490196078
0.26274509803921564
0.21176470588235297
0.23921568627450984
0.1333333333333333
0.6823529411764706
0.6588235294117647
0.6627450980392157
0.6980392156862745
0.6901960784313725
0.6666666666666667
0.6980392156862745
0.6745098039215687
0.6823529411764706
0.6705882352941177
0.6901960784313725
0.6627450980392157
0.6549019607843137
0.6823529411764706
0.6196078431372549
0.6784313725490196
0.6705882352941177
0.6823529411764706
0.6941176470588235
0.6901960784313725
0.6980392156862745
0.6862745098039216
0.6784313725490196
0.6745098039215687
0.7137254901960784
0.6980392156862745
0.6862745098039216
0.6980392156862745
0.7098039215686274
0.7019607843137254
0.7058823529411764
0.7137254901960784
0.7215686274509804
0.6980392156862745
0.6980392156862745
0.7098039215686274
0.7137254901960784
0.6823529411764706
0.6588235294117647
0.7137254901960784
0.7333333333333334
0.4
0.2549019607843137
0.2431372549019608
0.3019607843137255
0.22352941176470587
0.21568627450980393
0.19215686274509802
0.33725490196078434
0.32156862745098036
0.4156862745098039
0.2823529411764706
0.37254901960784315
0.25098039215686274
0.30980392156862746
0.23921568627450984
0.1333333333333333
0.1686274509803921
0.5568627450980392
0.6509803921568628
0.6784313725490196
0.6431372549019607
0.6745098039215687
0.6627450980392157
0.6549019607843137
0.6588235294117647
0.6980392156862745
0.6980392156862745
0.6823529411764706
0.6588235294117647
0.6784313725490196
0.6862745098039216
0.7019607843137254
0.6784313725490196
0.6941176470588235
0.6470588235294117
0.7215686274509804
0.7294117647058824
0.7019607843137254
0.6823529411764706
0.6901960784313725
0.6705882352941177
0.7137254901960784
0.6901960784313725
0.6941176470588235
0.6862745098039216
0.7058823529411764
0.7333333333333334
0.7019607843137254
0.6901960784313725
0.7294117647058824
0.7137254901960784
0.7098039215686274
0.6784313725490196
0.7098039215686274
0.6823529411764706
0.6627450980392157
0.6901960784313725
0.2941176470588235
0.27450980392156865
0.2431372549019608
0.2431372549019608
0.2431372549019608
0.24705882352941178
0.2588235294117647
0.3019607843137255
0.34509803921568627
0.4274509803921569
0.4549019607843138
0.45882352941176474
0.40784313725490196
0.2823529411764706
0.25098039215686274
0.14117647058823535
0.18039215686274512
0.11764705882352944
0.1333333333333333
0.611764705882353
0.6901960784313725
0.6431372549019607
0.6705882352941177
0.6549019607843137
0.6588235294117647
0.6588235294117647
0.6941176470588235
0.6862745098039216
0.6470588235294117
0.6784313725490196
0.6862745098039216
0.7098039215686274
0.6392156862745098
0.6666666666666667
0.6588235294117647
0.6666666666666667
0.6823529411764706
0.6901960784313725
0.6705882352941177
0.6745098039215687
0.6666666666666667
0.7176470588235294
0.6745098039215687
0.6745098039215687
0.6941176470588235
0.7137254901960784
0.7058823529411764
0.6941176470588235
0.7333333333333334
0.7058823529411764
0.7019607843137254
0.7372549019607844
0.7137254901960784
0.7254901960784313
0.6941176470588235
0.7254901960784313
0.2941176470588235
0.2588235294117647
0.2901960784313725
0.26274509803921564
0.2941176470588235
0.207843137254902
0.18039215686274512
0.15294117647058825
0.12549019607843137
0.14117647058823535
0.22352941176470587
0.2823529411764706
0.3137254901960784
0.3176470588235294
0.21568627450980393
0.10588235294117643
0.3294117647058824
0.18039215686274512
0.07058823529411762
0.07058823529411762
0.1098039215686275
0.039215686274509776
0.16078431372549018
0.5333333333333333
0.5764705882352941
0.5686274509803921
0.5882352941176471
0.6431372549019607
0.6509803921568628
0.6705882352941177
0.6431372549019607
0.6862745098039216
0.6627450980392157
0.6705882352941177
0.6745098039215687
0.6588235294117647
0.6862745098039216
0.6784313725490196
0.6862745098039216
0.6823529411764706
0.6862745098039216
0.6666666666666667
0.6823529411764706
0.6745098039215687
0.6784313725490196
0.6745098039215687
0.7098039215686274
0.7058823529411764
0.7215686274509804
0.6745098039215687
0.6980392156862745
0.7019607843137254
0.7215686274509804
0.7294117647058824
0.6941176470588235
0.7098039215686274
0.6666666666666667
0.7058823529411764
0.2784313725490196
0.2784313725490196
0.2705882352941177
0.28627450980392155
0.21568627450980393
0.1725490196078432
0.1333333333333333
0.06666666666666665
0.06666666666666665
0.07450980392156858
0.03137254901960784
0.04705882352941182
0.05882352941176472
0.04705882352941182
0.1098039215686275
0.10588235294117643
0.16470588235294115
0.1098039215686275
0.03137254901960784
0.050980392156862786
0.0
0.04313725490196074
0.1333333333333333
0.16470588235294115
0.11764705882352944
0.5450980392156863
0.584313725490196
0.6313725490196078
0.6352941176470588
0.6392156862745098
0.6392156862745098
0.6392156862745098
0.6313725490196078
0.6588235294117647
0.6941176470588235
0.6784313725490196
0.6705882352941177
0.6823529411764706
0.6549019607843137
0.6274509803921569
0.6705882352941177
0.6666666666666667
0.6901960784313725
0.6941176470588235
0.7058823529411764
0.6980392156862745
0.7254901960784313
0.6980392156862745
0.6980392156862745
0.6745098039215687
0.7019607843137254
0.7254901960784313
0.6823529411764706
0.7058823529411764
0.6745098039215687
0.7137254901960784
0.7254901960784313
0.6941176470588235
0.603921568627451
0.29803921568627456
0.33725490196078434
0.2705882352941177
0.2705882352941177
0.207843137254902
0.1333333333333333
0.08235294117647063
0.06274509803921569
0.027450980392156876
0.14509803921568631
0.15294117647058825
0.18823529411764706
0.2196078431372549
0.22745098039215683
0.2666666666666667
0.19999999999999996
0.14117647058823535
0.09019607843137256
0.0
0.027450980392156876
0.07843137254901966
0.1215686274509804
0.11372549019607847
0.16078431372549018
0.388235294117647
0.5058823529411764
0.5686274509803921
0.611764705882353
0.607843137254902
0.6196078431372549
0.615686274509804
0.6941176470588235
0.6588235294117647
0.7019607843137254
0.6509803921568628
0.6705882352941177
0.6823529411764706
0.6784313725490196
0.6745098039215687
0.6588235294117647
0.6549019607843137
0.6862745098039216
0.6901960784313725
0.6784313725490196
0.7176470588235294
0.6941176470588235
0.7058823529411764
0.6901960784313725
0.7019607843137254
0.7333333333333334
0.7019607843137254
0.7019607843137254
0.7215686274509804
0.7215686274509804
0.6666666666666667
0.7215686274509804
0.7058823529411764
0.6823529411764706
0.22352941176470587
0.2823529411764706
0.19999999999999996
0.17647058823529416
0.21568627450980393
0.10196078431372546
0.05490196078431375
0.05490196078431375
0.0117647058823529
0.03137254901960784
0.0862745098039216
0.18823529411764706
0.12549019607843137
0.1686274509803921
0.1843137254901961
0.18823529411764706
0.2313725490196078
0.007843137254901933
0.015686274509803977
0.12549019607843137
0.18823529411764706
0.16078431372549018
0.10588235294117643
0.12549019607843137
0.0980392156862745
0.403921568627451
0.4980392156862745
0.5411764705882354
0.5882352941176471
0.615686274509804
0.6431372549019607
0.6509803921568628
0.6627450980392157
0.6549019607843137
0.6588235294117647
0.6705882352941177
0.7098039215686274
0.6627450980392157
0.6588235294117647
0.6901960784313725
0.6784313725490196
0.6588235294117647
0.6862745098039216
0.6823529411764706
0.6901960784313725
0.6745098039215687
0.6705882352941177
0.6666666666666667
0.6862745098039216
0.6862745098039216
0.6862745098039216
0.7019607843137254
0.7058823529411764
0.7254901960784313
0.6823529411764706
0.6980392156862745
0.7411764705882353
0.7176470588235294
0.7215686274509804
0.2588235294117647
0.26274509803921564
0.2823529411764706
0.1843137254901961
0.17647058823529416
0.08235294117647063
0.027450980392156876
0.007843137254901933
0.0039215686274509665
0.02352941176470591
0.007843137254901933
0.14117647058823535
0.12549019607843137
0.14901960784313728
0.18823529411764706
0.08235294117647063
0.05490196078431375
0.14509803921568631
0.23529411764705888
0.04313725490196074
0.12941176470588234
0.03529411764705881
0.02352941176470591
0.027450980392156876
0.09019607843137256
0.3411764705882353
0.5294117647058824
0.5607843137254902
0.6
0.603921568627451
0.6196078431372549
0.6235294117647059
0.6352941176470588
0.6470588235294117
0.6431372549019607
0.6745098039215687
0.6549019607843137
0.6549019607843137
0.6666666666666667
0.6862745098039216
0.6823529411764706
0.6627450980392157
0.7058823529411764
0.6549019607843137
0.6980392156862745
0.6862745098039216
0.6941176470588235
0.7176470588235294
0.7098039215686274
0.7176470588235294
0.6941176470588235
0.7019607843137254
0.6862745098039216
0.7176470588235294
0.7098039215686274
0.7058823529411764
0.6705882352941177
0.6862745098039216
0.2313725490196078
0.23529411764705888
0.22745098039215683
0.2823529411764706
0.32156862745098036
0.2901960784313725
0.25098039215686274
0.1686274509803921
0.10196078431372546
0.0
0.0039215686274509665
0.0
0.027450980392156876
0.03137254901960784
0.03529411764705881
0.04313725490196074
0.06274509803921569
0.23529411764705888
0.0980392156862745
0.04705882352941182
0.050980392156862786
0.07450980392156858
0.0
0.07843137254901966
0.1843137254901961
0.1843137254901961
0.3686274509803922
0.4901960784313726
0.5372549019607843
0.5882352941176471
0.596078431372549
0.596078431372549
0.615686274509804
0.6666666666666667
0.6627450980392157
0.6784313725490196
0.6705882352941177
0.6588235294117647
0.6980392156862745
0.7058823529411764
0.7176470588235294
0.6666666666666667
0.6823529411764706
0.6901960784313725
0.6784313725490196
0.7176470588235294
0.6705882352941177
0.7058823529411764
0.7176470588235294
0.6745098039215687
0.6980392156862745
0.6666666666666667
0.6901960784313725
0.7058823529411764
0.7137254901960784
0.6705882352941177
0.7137254901960784
0.7333333333333334
0.7294117647058824
0.2705882352941177
0.2588235294117647
0.2823529411764706
0.2588235294117647
0.23921568627450984
0.18823529411764706
0.16470588235294115
0.0980392156862745
0.019607843137254943
0.039215686274509776
0.0
0.019607843137254943
0.06274509803921569
0.039215686274509776
0.050980392156862786
0.0
0.0
0.14117647058823535
0.15294117647058825
0.0117647058823529
0.007843137254901933
0.019607843137254943
0.19215686274509802
0.22745098039215683
0.1686274509803921
0.14509803921568631
0.4274509803921569
0.4549019607843138
0.5294117647058824
0.5725490196078431
0.5686274509803921
0.6352941176470588
0.6274509803921569
0.6431372549019607
0.6431372549019607
0.6392156862745098
0.6745098039215687
0.6666666666666667
0.6941176470588235
0.6352941176470588
0.6431372549019607
0.7019607843137254
0.6705882352941177
0.6705882352941177
0.6862745098039216
0.7019607843137254
0.6901960784313725
0.6784313725490196
0.7333333333333334
0.6941176470588235
0.7215686274509804
0.7176470588235294
0.7294117647058824
0.7019607843137254
0.6941176470588235
0.6823529411764706
0.7058823529411764
0.6705882352941177
0.2588235294117647
0.2784313725490196
0.2705882352941177
0.24705882352941178
0.22745098039215683
0.196078431372549
0.1568627450980392
0.16470588235294115
0.10588235294117643
0.03529411764705881
0.0039215686274509665
0.06666666666666665
0.07058823529411762
0.015686274509803977
0.050980392156862786
0.05882352941176472
0.04313725490196074
0.02352941176470591
0.0
0.027450980392156876
0.0862745098039216
0.2784313725490196
0.08235294117647063
0.16470588235294115
0.12549019607843137
0.10588235294117643
0.13725490196078427
0.4274509803921569
0.48235294117647054
0.4980392156862745
0.5450980392156863
0.5607843137254902
0.6
0.596078431372549
0.6352941176470588
0.6274509803921569
0.6235294117647059
0.6313725490196078
0.6392156862745098
0.6784313725490196
0.6901960784313725
0.6705882352941177
0.6862745098039216
0.6901960784313725
0.7019607843137254
0.7019607843137254
0.6745098039215687
0.6862745098039216
0.6980392156862745
0.6823529411764706
0.6901960784313725
0.6705882352941177
0.7137254901960784
0.6980392156862745
0.6823529411764706
0.6862745098039216
0.7058823529411764
0.6862745098039216
0.6509803921568628
0.2588235294117647
0.25098039215686274
0.2196078431372549
0.2196078431372549
0.1843137254901961
0.1568627450980392
0.18039215686274512
0.1333333333333333
0.09411764705882353
0.03529411764705881
0.05882352941176472
0.07843137254901966
0.07843137254901966
0.05882352941176472
0.0980392156862745
0.0980392156862745
0.050980392156862786
0.04705882352941182
0.04313725490196074
0.28627450980392155
0.1568627450980392
0.05490196078431375
0.07450980392156858
0.06274509803921569
0.07450980392156858
0.09411764705882353
0.09019607843137256
0.41960784313725485
0.4862745098039216
0.5333333333333333
0.5490196078431373
0.5764705882352941
0.603921568627451
0.5882352941176471
0.611764705882353
0.6431372549019607
0.603921568627451
0.6392156862745098
0.6431372549019607
0.6941176470588235
0.6705882352941177
0.6745098039215687
0.6705882352941177
0.6666666666666667
0.6901960784313725
0.6549019607843137
0.6901960784313725
0.6823529411764706
0.7019607843137254
0.7019607843137254
0.6941176470588235
0.6745098039215687
0.7176470588235294
0.7215686274509804
0.6823529411764706
0.7098039215686274
0.6941176470588235
0.6941176470588235
0.22745098039215683
0.23529411764705888
0.26274509803921564
0.25098039215686274
0.207843137254902
0.18039215686274512
0.1725490196078432
0.11764705882352944
0.11764705882352944
0.050980392156862786
0.050980392156862786
0.11372549019607847
0.11372549019607847
0.1098039215686275
0.09019607843137256
0.14117647058823535
0.10196078431372546
0.07843137254901966
0.050980392156862786
0.050980392156862786
0.0
0.05490196078431375
0.0
0.0
0.0039215686274509665
0.007843137254901933
0.0980392156862745
0.16078431372549018
0.4156862745098039
0.5019607843137255
0.5137254901960784
0.5411764705882354
0.580392156862745
0.615686274509804
0.6235294117647059
0.615686274509804
0.6431372549019607
0.6549019607843137
0.6745098039215687
0.6588235294117647
0.6549019607843137
0.6823529411764706
0.6745098039215687
0.6705882352941177
0.6980392156862745
0.6862745098039216
0.6705882352941177
0.6823529411764706
0.6784313725490196
0.6627450980392157
0.6980392156862745
0.7058823529411764
0.6745098039215687
0.6862745098039216
0.6823529411764706
0.7019607843137254
0.7058823529411764
0.6980392156862745
0.7137254901960784
0.2196078431372549
0.19999999999999996
0.18823529411764706
0.18823529411764706
0.18039215686274512
0.12549019607843137
0.11372549019607847
0.1215686274509804
0.11372549019607847
0.03137254901960784
0.16078431372549018
0.17647058823529416
0.11372549019607847
0.15294117647058825
0.1098039215686275
0.15294117647058825
0.1333333333333333
0.14117647058823535
0.07843137254901966
0.12941176470588234
0.07450980392156858
0.0
0.0039215686274509665
0.03137254901960784
0.09411764705882353
0.039215686274509776
0.13725490196078427
0.27450980392156865
0.403921568627451
0.48235294117647054
0.5372549019607843
0.5450980392156863
0.584313725490196
0.5882352941176471
0.584313725490196
0.6352941176470588
0.6549019607843137
0.6470588235294117
0.6509803921568628
0.6431372549019607
0.6862745098039216
0.6431372549019607
0.6666666666666667
0.6509803921568628
0.6823529411764706
0.6549019607843137
0.6862745098039216
0.6784313725490196
0.6941176470588235
0.6588235294117647
0.6862745098039216
0.6705882352941177
0.6901960784313725
0.6980392156862745
0.7098039215686274
0.6901960784313725
0.7176470588235294
0.6588235294117647
0.36078431372549025
0.21176470588235297
0.1686274509803921
0.19999999999999996
0.11764705882352944
0.1098039215686275
0.11764705882352944
0.10588235294117643
0.12549019607843137
0.0862745098039216
0.03137254901960784
0.1568627450980392
0.19999999999999996
0.22745098039215683
0.22745098039215683
0.207843137254902
0.22352941176470587
0.21568627450980393
0.196078431372549
0.1725490196078432
0.1333333333333333
0.16470588235294115
0.1098039215686275
0.09411764705882353
0.0862745098039216
0.05882352941176472
0.17647058823529416
0.25098039215686274
0.33333333333333337
0.44705882352941173
0.5254901960784314
0.5490196078431373
0.5490196078431373
0.596078431372549
0.607843137254902
0.6
0.6235294117647059
0.6509803921568628
0.6549019607843137
0.6509803921568628
0.6862745098039216
0.6431372549019607
0.6627450980392157
0.6705882352941177
0.6745098039215687
0.6666666666666667
0.6862745098039216
0.6784313725490196
0.6705882352941177
0.6901960784313725
0.6980392156862745
0.7254901960784313
0.6862745098039216
0.7176470588235294
0.6941176470588235
0.7019607843137254
0.6941176470588235
0.6980392156862745
0.7098039215686274
0.207843137254902
0.1725490196078432
0.13725490196078427
0.11764705882352944
0.17647058823529416
0.12549019607843137
0.10196078431372546
0.09411764705882353
0.07843137254901966
0.05490196078431375
0.09411764705882353
0.17647058823529416
0.22745098039215683
0.25098039215686274
0.3058823529411765
0.33725490196078434
0.3019607843137255
0.36078431372549025
0.3254901960784313
0.2784313725490196
0.2313725490196078
0.2313725490196078
0.14509803921568631
0.11764705882352944
0.0980392156862745
0.19215686274509802
0.3058823529411765
0.3019607843137255
0.42352941176470593
0.45882352941176474
0.5490196078431373
0.5725490196078431
0.5725490196078431
0.6
0.6
0.6274509803921569
0.6235294117647059
0.615686274509804
0.6470588235294117
0.6666666666666667
0.6705882352941177
0.6745098039215687
0.6823529411764706
0.6549019607843137
0.6745098039215687
0.6745098039215687
0.6823529411764706
0.6745098039215687
0.7176470588235294
0.6941176470588235
0.6980392156862745
0.6823529411764706
0.6941176470588235
0.7176470588235294
0.7137254901960784
0.6980392156862745
0.6901960784313725
0.7058823529411764
0.2588235294117647
0.20392156862745103
0.14509803921568631
0.07058823529411762
0.12549019607843137
0.13725490196078427
0.11372549019607847
0.11764705882352944
0.09411764705882353
0.12549019607843137
0.07450980392156858
0.13725490196078427
0.2431372549019608
0.2431372549019608
0.28627450980392155
0.33333333333333337
0.33333333333333337
0.34509803921568627
0.3058823529411765
0.2901960784313725
0.2941176470588235
0.2784313725490196
0.13725490196078427
0.11372549019607847
0.08235294117647063
0.18039215686274512
0.2784313725490196
0.3529411764705882
0.36078431372549025
0.44705882352941173
0.5176470588235293
0.5372549019607843
0.5882352941176471
0.603921568627451
0.615686274509804
0.6705882352941177
0.6588235294117647
0.6274509803921569
0.615686274509804
0.6313725490196078
0.6274509803921569
0.6666666666666667
0.6862745098039216
0.6901960784313725
0.6666666666666667
0.6941176470588235
0.6627450980392157
0.6823529411764706
0.7137254901960784
0.6588235294117647
0.6705882352941177
0.7137254901960784
0.7098039215686274
0.6941176470588235
0.6509803921568628
0.6745098039215687
0.6901960784313725
0.7529411764705882
0.29803921568627456
0.20392156862745103
0.16470588235294115
0.14509803921568631
0.1843137254901961
0.09411764705882353
0.09411764705882353
0.07843137254901966
0.07058823529411762
0.06666666666666665
0.1098039215686275
0.15294117647058825
0.23921568627450984
0.24705882352941178
0.2784313725490196
0.3058823529411765
0.3019607843137255
0.3411764705882353
0.33725490196078434
0.3137254901960784
0.27450980392156865
0.2431372549019608
0.19215686274509802
0.09411764705882353
0.0862745098039216
0.16078431372549018
0.3176470588235294
0.3294117647058824
0.388235294117647
0.4117647058823529
0.4901960784313726
0.5176470588235293
0.580392156862745
0.5647058823529412
0.603921568627451
0.6196078431372549
0.6235294117647059
0.611764705882353
0.6392156862745098
0.6823529411764706
0.6745098039215687
0.6470588235294117
0.6862745098039216
0.6666666666666667
0.6784313725490196
0.6901960784313725
0.7098039215686274
0.6470588235294117
0.6823529411764706
0.6901960784313725
0.7019607843137254
0.7254901960784313
0.6862745098039216
0.6862745098039216
0.7019607843137254
0.6862745098039216
0.6823529411764706
0.5725490196078431
0.207843137254902
0.18039215686274512
0.19215686274509802
0.18823529411764706
0.18823529411764706
0.20392156862745103
0.14901960784313728
0.12941176470588234
0.1333333333333333
0.1215686274509804
0.10196078431372546
0.18823529411764706
0.23529411764705888
0.27450980392156865
0.29803921568627456
0.2941176470588235
0.33333333333333337
0.3019607843137255
0.34901960784313724
0.2666666666666667
0.24705882352941178
0.22352941176470587
0.21568627450980393
0.17647058823529416
0.06666666666666665
0.21568627450980393
0.3137254901960784
0.35686274509803917
0.38431372549019605
0.40784313725490196
0.45882352941176474
0.4980392156862745
0.5294117647058824
0.5607843137254902
0.592156862745098
0.6196078431372549
0.6431372549019607
0.6509803921568628
0.6274509803921569
0.6627450980392157
0.6588235294117647
0.6745098039215687
0.6431372549019607
0.6627450980392157
0.6862745098039216
0.6705882352941177
0.6470588235294117
0.6745098039215687
0.7098039215686274
0.6823529411764706
0.7058823529411764
0.6901960784313725
0.6941176470588235
0.6588235294117647
0.6705882352941177
0.7176470588235294
0.6470588235294117
0.5764705882352941
0.196078431372549
0.1843137254901961
0.196078431372549
0.19215686274509802
0.16470588235294115
0.21176470588235297
0.12941176470588234
0.10588235294117643
0.11372549019607847
0.0862745098039216
0.12549019607843137
0.16470588235294115
0.3254901960784313
0.32156862745098036
0.3058823529411765
0.2941176470588235
0.2784313725490196
0.3411764705882353
0.2901960784313725
0.27450980392156865
0.2705882352941177
0.22352941176470587
0.13725490196078427
0.17647058823529416
0.09019607843137256
0.1843137254901961
0.2901960784313725
0.3529411764705882
0.36078431372549025
0.42352941176470593
0.4666666666666667
0.4901960784313726
0.5529411764705883
0.5882352941176471
0.6
0.6274509803921569
0.6274509803921569
0.6431372549019607
0.6549019607843137
0.603921568627451
0.6470588235294117
0.6509803921568628
0.6784313725490196
0.6588235294117647
0.6549019607843137
0.6823529411764706
0.6784313725490196
0.6784313725490196
0.6588235294117647
0.6549019607843137
0.6823529411764706
0.7098039215686274
0.6784313725490196
0.6901960784313725
0.6941176470588235
0.7019607843137254
0.6745098039215687
0.596078431372549
0.21568627450980393
0.22745098039215683
0.22352941176470587
0.16078431372549018
0.19215686274509802
0.17647058823529416
0.1725490196078432
0.15294117647058825
0.11764705882352944
0.09019607843137256
0.12941176470588234
0.07450980392156858
0.196078431372549
0.3019607843137255
0.3019607843137255
0.2666666666666667
0.2666666666666667
0.29803921568627456
0.29803921568627456
0.2784313725490196
0.21568627450980393
0.1686274509803921
0.13725490196078427
0.0862745098039216
0.09019607843137256
0.1843137254901961
0.30980392156862746
0.36078431372549025
0.3764705882352941
0.4784313725490196
0.5058823529411764
0.5529411764705883
0.5490196078431373
0.6235294117647059
0.615686274509804
0.6392156862745098
0.6431372549019607
0.6470588235294117
0.6470588235294117
0.6470588235294117
0.6470588235294117
0.6784313725490196
0.6392156862745098
0.6431372549019607
0.6627450980392157
0.6627450980392157
0.6705882352941177
0.6666666666666667
0.6627450980392157
0.6941176470588235
0.6666666666666667
0.6784313725490196
0.6823529411764706
0.6705882352941177
0.6862745098039216
0.6745098039215687
0.6666666666666667
0.7098039215686274
0.17647058823529416
0.20392156862745103
0.19999999999999996
0.196078431372549
0.18039215686274512
0.207843137254902
0.21568627450980393
0.1686274509803921
0.1098039215686275
0.15294117647058825
0.14901960784313728
0.22745098039215683
0.23529411764705888
0.2666666666666667
0.2784313725490196
0.2431372549019608
0.2431372549019608
0.23921568627450984
0.22745098039215683
0.24705882352941178
0.1843137254901961
0.14117647058823535
0.12549019607843137
0.07843137254901966
0.08235294117647063
0.21176470588235297
0.29803921568627456
0.36078431372549025
0.43529411764705883
0.5137254901960784
0.5450980392156863
0.592156862745098
0.6274509803921569
0.6666666666666667
0.6705882352941177
0.6745098039215687
0.6627450980392157
0.6509803921568628
0.6823529411764706
0.6862745098039216
0.7215686274509804
0.6588235294117647
0.6862745098039216
0.6549019607843137
0.7019607843137254
0.6862745098039216
0.6549019607843137
0.6823529411764706
0.6980392156862745
0.7137254901960784
0.6901960784313725
0.6941176470588235
0.6941176470588235
0.6901960784313725
0.6862745098039216
0.6745098039215687
0.6980392156862745
0.6705882352941177
0.2313725490196078
0.15294117647058825
0.196078431372549
0.17647058823529416
0.19215686274509802
0.18039215686274512
0.2313725490196078
0.1843137254901961
0.1686274509803921
0.1686274509803921
0.15294117647058825
0.14509803921568631
0.17647058823529416
0.23921568627450984
0.25098039215686274
0.2705882352941177
0.23921568627450984
0.2313725490196078
0.1843137254901961
0.16470588235294115
0.13725490196078427
0.08235294117647063
0.12941176470588234
0.07058823529411762
0.12941176470588234
0.20392156862745103
0.30980392156862746
0.39607843137254906
0.4392156862745098
0.4980392156862745
0.5450980392156863
0.611764705882353
0.615686274509804
0.6666666666666667
0.6627450980392157
0.6549019607843137
0.6549019607843137
0.6901960784313725
0.6784313725490196
0.6549019607843137
0.7137254901960784
0.6705882352941177
0.7019607843137254
0.6745098039215687
0.7098039215686274
0.6862745098039216
0.6666666666666667
0.6627450980392157
0.7058823529411764
0.6705882352941177
0.6980392156862745
0.6549019607843137
0.6862745098039216
0.6666666666666667
0.6862745098039216
0.6666666666666667
0.6705882352941177
0.7098039215686274
0.3529411764705882
0.19999999999999996
0.18823529411764706
0.16078431372549018
0.18823529411764706
0.1686274509803921
0.21568627450980393
0.18039215686274512
0.1843137254901961
0.1843137254901961
0.1333333333333333
0.1215686274509804
0.16078431372549018
0.23529411764705888
0.20392156862745103
0.2705882352941177
0.23921568627450984
0.207843137254902
0.15294117647058825
0.13725490196078427
0.14117647058823535
0.12549019607843137
0.05490196078431375
0.09411764705882353
0.1568627450980392
0.2431372549019608
0.3254901960784313
0.36078431372549025
0.41960784313725485
0.4627450980392157
0.5490196078431373
0.5764705882352941
0.607843137254902
0.6431372549019607
0.6666666666666667
0.6666666666666667
0.6823529411764706
0.7098039215686274
0.6941176470588235
0.6705882352941177
0.6980392156862745
0.7215686274509804
0.6980392156862745
0.7176470588235294
0.7019607843137254
0.6745098039215687
0.6941176470588235
0.7137254901960784
0.7019607843137254
0.7137254901960784
0.6862745098039216
0.6705882352941177
0.6862745098039216
0.6980392156862745
0.6980392156862745
0.7058823529411764
0.7058823529411764
0.6901960784313725
0.48235294117647054
0.18039215686274512
0.18823529411764706
0.16078431372549018
0.1686274509803921
0.20392156862745103
0.196078431372549
0.207843137254902
0.1843137254901961
0.17647058823529416
0.14509803921568631
0.16078431372549018
0.17647058823529416
0.196078431372549
0.20392156862745103
0.2313725490196078
0.22745098039215683
0.18039215686274512
0.13725490196078427
0.13725490196078427
0.13725490196078427
0.07450980392156858
0.04705882352941182
0.12549019607843137
0.18823529411764706
0.2901960784313725
0.35686274509803917
0.38431372549019605
0.4156862745098039
0.4862745098039216
0.5490196078431373
0.592156862745098
0.6274509803921569
0.6588235294117647
0.6627450980392157
0.6941176470588235
0.6862745098039216
0.6588235294117647
0.6980392156862745
0.7294117647058824
0.6627450980392157
0.7019607843137254
0.7019607843137254
0.6823529411764706
0.7137254901960784
0.6862745098039216
0.6823529411764706
0.6941176470588235
0.6941176470588235
0.6901960784313725
0.6901960784313725
0.6509803921568628
0.7058823529411764
0.6627450980392157
0.7098039215686274
0.6588235294117647
0.6588235294117647
0.6588235294117647
0.4745098039215686
0.207843137254902
0.22745098039215683
0.18823529411764706
0.18823529411764706
0.17647058823529416
0.20392156862745103
0.1686274509803921
0.18039215686274512
0.19215686274509802
0.15294117647058825
0.12549019607843137
0.15294117647058825
0.13725490196078427
0.2196078431372549
0.19215686274509802
0.16470588235294115
0.11764705882352944
0.10196078431372546
0.0862745098039216
0.1098039215686275
0.0862745098039216
0.07450980392156858
0.12941176470588234
0.196078431372549
0.2588235294117647
0.3294117647058824
0.36078431372549025
0.44705882352941173
0.4901960784313726
0.5058823529411764
0.592156862745098
0.5764705882352941
0.6196078431372549
0.6274509803921569
0.6588235294117647
0.6823529411764706
0.6745098039215687
0.6784313725490196
0.6862745098039216
0.6823529411764706
0.7019607843137254
0.7058823529411764
0.6941176470588235
0.6862745098039216
0.6784313725490196
0.7372549019607844
0.6862745098039216
0.6980392156862745
0.6823529411764706
0.6666666666666667
0.6941176470588235
0.6823529411764706
0.6509803921568628
0.6823529411764706
0.7137254901960784
0.6627450980392157
0.6862745098039216
0.4117647058823529
0.2431372549019608
0.21568627450980393
0.22352941176470587
0.196078431372549
0.2313725490196078
0.2196078431372549
0.20392156862745103
0.19999999999999996
0.22745098039215683
0.18823529411764706
0.14901960784313728
0.14117647058823535
0.1098039215686275
0.18823529411764706
0.23921568627450984
0.15294117647058825
0.04705882352941182
0.06666666666666665
0.10196078431372546
0.07843137254901966
0.08235294117647063
0.1098039215686275
0.1568627450980392
0.23529411764705888
0.2666666666666667
0.36078431372549025
0.3921568627450981
0.44705882352941173
0.4784313725490196
0.5372549019607843
0.5647058823529412
0.592156862745098
0.6235294117647059
0.6627450980392157
0.7058823529411764
0.6705882352941177
0.7019607843137254
0.6627450980392157
0.6705882352941177
0.6784313725490196
0.7137254901960784
0.6627450980392157
0.6745098039215687
0.6705882352941177
0.6862745098039216
0.6745098039215687
0.6627450980392157
0.7058823529411764
0.7019607843137254
0.7058823529411764
0.6862745098039216
0.6901960784313725
0.7098039215686274
0.6784313725490196
0.6823529411764706
0.6980392156862745
0.6588235294117647
0.2901960784313725
0.19999999999999996
0.22352941176470587
0.21568627450980393
0.22745098039215683
0.207843137254902
0.2313725490196078
0.22745098039215683
0.196078431372549
0.18039215686274512
0.1686274509803921
0.15294117647058825
0.15294117647058825
0.1686274509803921
0.1686274509803921
0.2313725490196078
0.14509803921568631
0.06274509803921569
0.06666666666666665
0.09019607843137256
0.03137254901960784
0.09019607843137256
0.1568627450980392
0.21176470588235297
0.2784313725490196
0.28627450980392155
0.33333333333333337
0.4
0.4627450980392157
0.4901960784313726
0.5372549019607843
0.5529411764705883
0.6196078431372549
0.6392156862745098
0.615686274509804
0.6588235294117647
0.6666666666666667
0.6941176470588235
0.6941176470588235
0.6862745098039216
0.6745098039215687
0.6745098039215687
0.7098039215686274
0.6823529411764706
0.6705882352941177
0.6705882352941177
0.6666666666666667
0.6745098039215687
0.6823529411764706
0.6941176470588235
0.6941176470588235
0.7019607843137254
0.6549019607843137
0.6823529411764706
0.6941176470588235
0.6784313725490196
0.6745098039215687
0.6627450980392157
0.2196078431372549
0.22745098039215683
0.18823529411764706
0.207843137254902
0.20392156862745103
0.2313725490196078
0.20392156862745103
0.23921568627450984
0.23921568627450984
0.17647058823529416
0.1725490196078432
0.16470588235294115
0.17647058823529416
0.16470588235294115
0.18039215686274512
0.21176470588235297
0.1725490196078432
0.07058823529411762
0.050980392156862786
0.04313725490196074
0.10196078431372546
0.1098039215686275
0.1725490196078432
0.2313725490196078
0.2941176470588235
0.3176470588235294
0.3647058823529412
0.4274509803921569
0.4627450980392157
0.4862745098039216
0.5568627450980392
0.615686274509804
0.603921568627451
0.6352941176470588
0.6509803921568628
0.6509803921568628
0.6705882352941177
0.6823529411764706
0.6666666666666667
0.6901960784313725
0.6901960784313725
0.7058823529411764
0.7098039215686274
0.6941176470588235
0.6980392156862745
0.7019607843137254
0.7137254901960784
0.6980392156862745
0.6941176470588235
0.6941176470588235
0.6941176470588235
0.6784313725490196
0.6941176470588235
0.6980392156862745
0.6901960784313725
0.6941176470588235
0.6823529411764706
0.6901960784313725
0.6823529411764706
0.20392156862745103
0.21568627450980393
0.23921568627450984
0.24705882352941178
0.25098039215686274
0.2431372549019608
0.23529411764705888
0.23921568627450984
0.20392156862745103
0.21568627450980393
0.14509803921568631
0.14117647058823535
0.18039215686274512
0.19999999999999996
0.20392156862745103
0.14509803921568631
0.0862745098039216
0.04313725490196074
0.05490196078431375
0.15294117647058825
0.19215686274509802
0.21176470588235297
0.2588235294117647
0.3058823529411765
0.34509803921568627
0.37254901960784315
0.403921568627451
0.45882352941176474
0.48235294117647054
0.5372549019607843
0.5686274509803921
0.611764705882353
0.6313725490196078
0.6627450980392157
0.6901960784313725
0.6941176470588235
0.6784313725490196
0.7019607843137254
0.7019607843137254
0.7254901960784313
0.6745098039215687
0.7058823529411764
0.6941176470588235
0.6901960784313725
0.6823529411764706
0.7176470588235294
0.6705882352941177
0.6901960784313725
0.7058823529411764
0.6745098039215687
0.7137254901960784
0.7019607843137254
0.6901960784313725
0.7019607843137254
0.7137254901960784
0.6941176470588235
0.6627450980392157
0.6901960784313725
0.6588235294117647