0.7137254901960784
0.7294117647058824
0.7058823529411764
0.6784313725490196
0.7137254901960784
0.7176470588235294
0.6862745098039216
0.6862745098039216
0.7254901960784313
0.6941176470588235
0.6980392156862745
0.7058823529411764
0.7058823529411764
0.7058823529411764
0.7098039215686274
0.6862745098039216
0.7254901960784313
0.6862745098039216
0.6745098039215687
0.6980392156862745
0.6941176470588235
0.6666666666666667
0.6549019607843137
0.6784313725490196
0.6862745098039216
0.7098039215686274
0.6666666666666667
0.6823529411764706
0.6823529411764706
0.6901960784313725
0.6431372549019607
0.6588235294117647
0.6627450980392157
0.6745098039215687
0.6941176470588235
0.6745098039215687
0.6470588235294117
0.6627450980392157
0.6705882352941177
0.6666666666666667
0.6862745098039216
0.6666666666666667
0.6431372549019607
0.6588235294117647
0.6627450980392157
0.6823529411764706
0.6941176470588235
0.6941176470588235
0.6745098039215687
0.6392156862745098
0.6588235294117647
0.6549019607843137
0.6509803921568628
0.6470588235294117
0.6666666666666667
0.6549019607843137
0.6745098039215687
0.6901960784313725
0.6431372549019607
0.6901960784313725
0.7098039215686274
0.6941176470588235
0.6705882352941177
0.6901960784313725
0.6941176470588235
0.6901960784313725
0.7019607843137254
0.6941176470588235
0.6980392156862745
0.6745098039215687
0.6666666666666667
0.6941176470588235
0.6980392156862745
0.7019607843137254
0.6901960784313725
0.7019607843137254
0.7098039215686274
0.6823529411764706
0.6941176470588235
0.6941176470588235
0.6941176470588235
0.6745098039215687
0.6745098039215687
0.6627450980392157
0.6745098039215687
0.6666666666666667
0.6980392156862745
0.6941176470588235
0.6823529411764706
0.6941176470588235
0.6862745098039216
0.6980392156862745
0.6627450980392157
0.6627450980392157
0.6862745098039216
0.6862745098039216
0.6823529411764706
0.6823529411764706
0.6862745098039216
0.6352941176470588
0.6745098039215687
0.6980392156862745
0.6705882352941177
0.6784313725490196
0.6431372549019607
0.6980392156862745
0.6705882352941177
0.6705882352941177
0.6862745098039216
0.6588235294117647
0.6588235294117647
0.6588235294117647
0.6745098039215687
0.6705882352941177
0.6784313725490196
0.6627450980392157
0.6549019607843137
0.6274509803921569
0.6745098039215687
0.7176470588235294
0.6901960784313725
0.7019607843137254
0.6901960784313725
0.7215686274509804
0.6901960784313725
0.7058823529411764
0.7098039215686274
0.6784313725490196
0.6941176470588235
0.6784313725490196
0.6941176470588235
0.6666666666666667
0.7215686274509804
0.6862745098039216
0.6627450980392157
0.7058823529411764
0.7254901960784313
0.6784313725490196
0.7137254901960784
0.6705882352941177
0.7019607843137254
0.7254901960784313
0.7137254901960784
0.6823529411764706
0.6901960784313725
0.6941176470588235
0.6823529411764706
0.6470588235294117
0.6980392156862745
0.6745098039215687
0.6941176470588235
0.7098039215686274
0.6901960784313725
0.6745098039215687
0.6784313725490196
0.6862745098039216
0.6784313725490196
0.6980392156862745
0.6745098039215687
0.6588235294117647
0.7058823529411764
0.6784313725490196
0.6941176470588235
0.6705882352941177
0.6627450980392157
0.6666666666666667
0.6784313725490196
0.6431372549019607
0.6627450980392157
0.6823529411764706
0.6588235294117647
0.6549019607843137
0.6705882352941177
0.7019607843137254
0.6470588235294117
0.6941176470588235
0.6705882352941177
0.7019607843137254
0.6901960784313725
0.6862745098039216
0.7176470588235294
0.7294117647058824
0.7019607843137254
0.6980392156862745
0.6862745098039216
0.6862745098039216
0.6862745098039216
0.7058823529411764
0.7137254901960784
0.6901960784313725
0.7137254901960784
0.6941176470588235
0.6588235294117647
0.7137254901960784
0.7176470588235294
0.6980392156862745
0.7058823529411764
0.7176470588235294
0.7019607843137254
0.7019607843137254
0.7058823529411764
0.6823529411764706
0.6784313725490196
0.7215686274509804
0.6745098039215687
0.6823529411764706
0.6745098039215687
0.7058823529411764
0.6862745098039216
0.7333333333333334
0.6901960784313725
0.6823529411764706
0.7098039215686274
0.6862745098039216
0.7098039215686274
0.6941176470588235
0.7019607843137254
0.7019607843137254
0.6627450980392157
0.6745098039215687
0.6745098039215687
0.6745098039215687
0.6901960784313725
0.6862745098039216
0.6392156862745098
0.6549019607843137
0.6666666666666667
0.6509803921568628
0.6823529411764706
0.6509803921568628
0.6823529411764706
0.6588235294117647
0.6941176470588235
0.6549019607843137
0.6862745098039216
0.611764705882353
0.7333333333333334
0.7019607843137254
0.6980392156862745
0.6862745098039216
0.7215686274509804
0.6823529411764706
0.6823529411764706
0.7058823529411764
0.7058823529411764
0.7098039215686274
0.7137254901960784
0.7019607843137254
0.7098039215686274
0.6901960784313725
0.7294117647058824
0.7176470588235294
0.7058823529411764
0.7215686274509804
0.7137254901960784
0.6549019607843137
0.6980392156862745
0.7137254901960784
0.7019607843137254
0.6823529411764706
0.7098039215686274
0.6941176470588235
0.7098039215686274
0.7176470588235294
0.6705882352941177
0.6941176470588235
0.7137254901960784
0.6705882352941177
0.6627450980392157
0.7254901960784313
0.6745098039215687
0.6980392156862745
0.6941176470588235
0.6901960784313725
0.6823529411764706
0.6705882352941177
0.7098039215686274
0.6941176470588235
0.6901960784313725
0.6352941176470588
0.6980392156862745
0.6784313725490196
0.6862745098039216
0.6627450980392157
0.6549019607843137
0.6431372549019607
0.6980392156862745
0.6862745098039216
0.6588235294117647
0.6823529411764706
0.6823529411764706
0.6470588235294117
0.6627450980392157
0.6666666666666667
0.6549019607843137
0.7137254901960784
0.6862745098039216
0.6901960784313725
0.7098039215686274
0.7137254901960784
0.7019607843137254
0.7333333333333334
0.7254901960784313
0.7294117647058824
0.6862745098039216
0.7019607843137254
0.7176470588235294
0.7176470588235294
0.7294117647058824
0.6980392156862745
0.7058823529411764
0.7176470588235294
0.7176470588235294
0.6862745098039216
0.6980392156862745
0.7137254901960784
0.6941176470588235
0.6705882352941177
0.7058823529411764
0.7098039215686274
0.7019607843137254
0.7215686274509804
0.6862745098039216
0.7058823529411764
0.6980392156862745
0.6941176470588235
0.6784313725490196
0.7176470588235294
0.7098039215686274
0.6823529411764706
0.6823529411764706
0.6862745098039216
0.7294117647058824
0.3921568627450981
0.7333333333333334
0.6941176470588235
0.7137254901960784
0.6941176470588235
0.6823529411764706
0.6627450980392157
0.7019607843137254
0.6823529411764706
0.6627450980392157
0.7058823529411764
0.6941176470588235
0.6745098039215687
0.6588235294117647
0.6470588235294117
0.6784313725490196
0.6352941176470588
0.6392156862745098
0.6313725490196078
0.6705882352941177
0.6549019607843137
0.7058823529411764
0.6941176470588235
0.7176470588235294
0.6745098039215687
0.7019607843137254
0.6980392156862745
0.6705882352941177
0.6901960784313725
0.6823529411764706
0.7294117647058824
0.7294117647058824
0.6941176470588235
0.7215686274509804
0.6901960784313725
0.6901960784313725
0.6784313725490196
0.6705882352941177
0.7176470588235294
0.6941176470588235
0.6784313725490196
0.7058823529411764
0.7490196078431373
0.6980392156862745
0.7019607843137254
0.7215686274509804
0.7137254901960784
0.7098039215686274
0.6941176470588235
0.6784313725490196
0.6784313725490196
0.7215686274509804
0.6980392156862745
0.7137254901960784
0.7019607843137254
0.7058823529411764
0.6823529411764706
0.3686274509803922
0.3137254901960784
0.2823529411764706
0.1843137254901961
0.6509803921568628
0.6862745098039216
0.7137254901960784
0.7058823529411764
0.6784313725490196
0.7058823529411764
0.6862745098039216
0.6745098039215687
0.6666666666666667
0.6862745098039216
0.6745098039215687
0.6862745098039216
0.6666666666666667
0.6549019607843137
0.6862745098039216
0.6666666666666667
0.6509803921568628
0.6823529411764706
0.6901960784313725
0.6941176470588235
0.7254901960784313
0.7058823529411764
0.7176470588235294
0.6980392156862745
0.7137254901960784
0.6941176470588235
0.6745098039215687
0.7137254901960784
0.7294117647058824
0.6901960784313725
0.7176470588235294
0.6745098039215687
0.6941176470588235
0.7058823529411764
0.7215686274509804
0.6941176470588235
0.7254901960784313
0.7294117647058824
0.7254901960784313
0.7137254901960784
0.6823529411764706
0.7215686274509804
0.7019607843137254
0.6705882352941177
0.7176470588235294
0.7176470588235294
0.7215686274509804
0.7333333333333334
0.6862745098039216
0.6745098039215687
0.6941176470588235
0.6980392156862745
0.7254901960784313
0.6862745098039216
0.7529411764705882
0.29803921568627456
0.24705882352941178
0.18039215686274512
0.10588235294117643
0.5372549019607843
0.6274509803921569
0.6588235294117647
0.6862745098039216
0.6862745098039216
0.6980392156862745
0.6392156862745098
0.6588235294117647
0.6941176470588235
0.6588235294117647
0.6980392156862745
0.6823529411764706
0.6823529411764706
0.6901960784313725
0.6666666666666667
0.6784313725490196
0.6941176470588235
0.6588235294117647
0.6705882352941177
0.7137254901960784
0.7411764705882353
0.6862745098039216
0.6862745098039216
0.7098039215686274
0.7254901960784313
0.6941176470588235
0.7294117647058824
0.7137254901960784
0.7176470588235294
0.7058823529411764
0.6823529411764706
0.7176470588235294
0.6941176470588235
0.6980392156862745
0.7137254901960784
0.7098039215686274
0.7254901960784313
0.6980392156862745
0.7137254901960784
0.6941176470588235
0.7098039215686274
0.6941176470588235
0.7058823529411764
0.6980392156862745
0.7137254901960784
0.6980392156862745
0.6980392156862745
0.6823529411764706
0.6901960784313725
0.7098039215686274
0.7019607843137254
0.7058823529411764
0.6901960784313725
0.7058823529411764
0.3411764705882353
0.23529411764705888
0.23529411764705888
0.1098039215686275
0.21568627450980393
0.5411764705882354
0.6235294117647059
0.6784313725490196
0.6666666666666667
0.6862745098039216
0.6666666666666667
0.6901960784313725
0.6980392156862745
0.6705882352941177
0.6627450980392157
0.7254901960784313
0.6901960784313725
0.6823529411764706
0.6980392156862745
0.6745098039215687
0.6784313725490196
0.6784313725490196
0.6392156862745098
0.6784313725490196
0.7058823529411764
0.7098039215686274
0.7098039215686274
0.7215686274509804
0.7294117647058824
0.7254901960784313
0.7372549019607844
0.7098039215686274
0.7176470588235294
0.7254901960784313
0.7058823529411764
0.7254901960784313
0.6862745098039216
0.7019607843137254
0.7294117647058824
0.7098039215686274
0.6980392156862745
0.7215686274509804
0.6784313725490196
0.7019607843137254
0.7215686274509804
0.6901960784313725
0.6823529411764706
0.7098039215686274
0.6941176470588235
0.6784313725490196
0.6862745098039216
0.6980392156862745
0.6784313725490196
0.7215686274509804
0.7254901960784313
0.7019607843137254
0.7019607843137254
0.6745098039215687
0.33333333333333337
0.23529411764705888
0.23529411764705888
0.16078431372549018
0.06666666666666665
0.43137254901960786
0.5176470588235293
0.6313725490196078
0.6509803921568628
0.6784313725490196
0.6666666666666667
0.6862745098039216
0.6941176470588235
0.7058823529411764
0.6941176470588235
0.6862745098039216
0.6862745098039216
0.6705882352941177
0.6901960784313725
0.6666666666666667
0.6588235294117647
0.6941176470588235
0.6862745098039216
0.6862745098039216
0.6901960784313725
0.7333333333333334
0.7058823529411764
0.7137254901960784
0.6901960784313725
0.6980392156862745
0.7215686274509804
0.7058823529411764
0.6901960784313725
0.6901960784313725
0.7137254901960784
0.7176470588235294
0.6862745098039216
0.6980392156862745
0.7137254901960784
0.6823529411764706
0.7098039215686274
0.7058823529411764
0.7058823529411764
0.7019607843137254
0.6784313725490196
0.6784313725490196
0.7176470588235294
0.7137254901960784
0.7333333333333334
0.6980392156862745
0.6862745098039216
0.6705882352941177
0.7058823529411764
0.6901960784313725
0.7098039215686274
0.7137254901960784
0.7254901960784313
0.7058823529411764
0.6941176470588235
0.3411764705882353
0.14901960784313728
0.1843137254901961
0.08235294117647063
0.3137254901960784
0.4745098039215686
0.5568627450980392
0.6549019607843137
0.6823529411764706
0.6823529411764706
0.6862745098039216
0.6627450980392157
0.6862745098039216
0.6705882352941177
0.6784313725490196
0.6705882352941177
0.6980392156862745
0.6784313725490196
0.6784313725490196
0.6588235294117647
0.7058823529411764
0.6627450980392157
0.6862745098039216
0.6862745098039216
0.6901960784313725
0.7176470588235294
0.7176470588235294
0.6784313725490196
0.7333333333333334
0.6980392156862745
0.7058823529411764
0.7176470588235294
0.7098039215686274
0.6784313725490196
0.7098039215686274
0.7019607843137254
0.6823529411764706
0.7098039215686274
0.6980392156862745
0.6941176470588235
0.6862745098039216
0.7098039215686274
0.7058823529411764
0.6784313725490196
0.7137254901960784
0.7215686274509804
0.6980392156862745
0.7176470588235294
0.6823529411764706
0.6705882352941177
0.6901960784313725
0.7098039215686274
0.7294117647058824
0.7098039215686274
0.7098039215686274
0.6823529411764706
0.6901960784313725
0.7254901960784313
0.33725490196078434
0.3254901960784313
0.22745098039215683
0.16470588235294115
0.15294117647058825
0.403921568627451
0.5372549019607843
0.6313725490196078
0.6627450980392157
0.6627450980392157
0.6901960784313725
0.6549019607843137
0.6823529411764706
0.6470588235294117
0.6745098039215687
0.6862745098039216
0.6666666666666667
0.6784313725490196
0.6901960784313725
0.6823529411764706
0.6862745098039216
0.6823529411764706
0.6627450980392157
0.6431372549019607
0.6549019607843137
0.6431372549019607
0.6588235294117647
0.7176470588235294
0.6862745098039216
0.6980392156862745
0.7098039215686274
0.7215686274509804
0.6901960784313725
0.7019607843137254
0.6980392156862745
0.6901960784313725
0.7098039215686274
0.6784313725490196
0.7058823529411764
0.7098039215686274
0.6941176470588235
0.7254901960784313
0.6941176470588235
0.6941176470588235
0.7098039215686274
0.6823529411764706
0.6941176470588235
0.7137254901960784
0.7058823529411764
0.7058823529411764
0.7176470588235294
0.6941176470588235
0.7294117647058824
0.7333333333333334
0.6901960784313725
0.6941176470588235
0.6784313725490196
0.7058823529411764
0.3176470588235294
0.3254901960784313
0.24705882352941178
0.19215686274509802
0.07450980392156858
0.3254901960784313
0.5215686274509803
0.580392156862745
0.6549019607843137
0.6588235294117647
0.6509803921568628
0.6901960784313725
0.6862745098039216
0.6862745098039216
0.6745098039215687
0.6980392156862745
0.6588235294117647
0.7019607843137254
0.7098039215686274
0.6901960784313725
0.6588235294117647
0.6509803921568628
0.6941176470588235
0.6509803921568628
0.6941176470588235
0.6862745098039216
0.6470588235294117
0.7333333333333334
0.6823529411764706
0.6980392156862745
0.6980392156862745
0.7137254901960784
0.6901960784313725
0.6901960784313725
0.7215686274509804
0.6941176470588235
0.7176470588235294
0.6901960784313725
0.6862745098039216
0.7098039215686274
0.7098039215686274
0.7058823529411764
0.6941176470588235
0.7254901960784313
0.7176470588235294
0.6666666666666667
0.7372549019607844
0.6941176470588235
0.7098039215686274
0.6941176470588235
0.7019607843137254
0.6901960784313725
0.7254901960784313
0.7254901960784313
0.7058823529411764
0.7215686274509804
0.7019607843137254
0.7019607843137254
0.2705882352941177
0.33333333333333337
0.27450980392156865
0.196078431372549
0.17647058823529416
0.2705882352941177
0.45882352941176474
0.603921568627451
0.6509803921568628
0.6666666666666667
0.6627450980392157
0.6941176470588235
0.6705882352941177
0.6705882352941177
0.6666666666666667
0.6666666666666667
0.6823529411764706
0.6862745098039216
0.6901960784313725
0.7176470588235294
0.7215686274509804
0.6705882352941177
0.6862745098039216
0.6745098039215687
0.6941176470588235
0.6823529411764706
0.6627450980392157
0.6823529411764706
0.7058823529411764
0.7137254901960784
0.6941176470588235
0.6941176470588235
0.6745098039215687
0.7058823529411764
0.6941176470588235
0.6745098039215687
0.7176470588235294
0.6980392156862745
0.7098039215686274
0.6745098039215687
0.7215686274509804
0.7215686274509804
0.6901960784313725
0.6862745098039216
0.6862745098039216
0.7176470588235294
0.6901960784313725
0.7215686274509804
0.7019607843137254
0.6901960784313725
0.6666666666666667
0.7176470588235294
0.6823529411764706
0.6941176470588235
0.7019607843137254
0.7019607843137254
0.6901960784313725
0.6980392156862745
0.7254901960784313
0.2666666666666667
0.22352941176470587
0.1333333333333333
0.16470588235294115
0.1215686274509804
0.4
0.5450980392156863
0.615686274509804
0.6352941176470588
0.6784313725490196
0.6588235294117647
0.6745098039215687
0.6823529411764706
0.7176470588235294
0.6705882352941177
0.6627450980392157
0.6745098039215687
0.6941176470588235
0.6823529411764706
0.3529411764705882
0.3647058823529412
0.6588235294117647
0.6745098039215687
0.6627450980392157
0.6549019607843137
0.6705882352941177
0.6549019607843137
0.6588235294117647
0.6705882352941177
0.6745098039215687
0.6941176470588235
0.7058823529411764
0.7254901960784313
0.6862745098039216
0.7215686274509804
0.7176470588235294
0.7058823529411764
0.6901960784313725
0.7176470588235294
0.7176470588235294
0.7176470588235294
0.7098039215686274
0.6941176470588235
0.7254901960784313
0.6980392156862745
0.7019607843137254
0.6980392156862745
0.6980392156862745
0.7294117647058824
0.6941176470588235
0.6862745098039216
0.6862745098039216
0.7058823529411764
0.6862745098039216
0.7019607843137254
0.6901960784313725
0.7294117647058824
0.7372549019607844
0.3058823529411765
0.388235294117647
0.2196078431372549
0.19215686274509802
0.09411764705882353
0.2901960784313725
0.4666666666666667
0.5764705882352941
0.6196078431372549
0.6666666666666667
0.6823529411764706
0.6941176470588235
0.7176470588235294
0.7019607843137254
0.6901960784313725
0.6666666666666667
0.6784313725490196
0.6705882352941177
0.3254901960784313
0.3058823529411765
0.3058823529411765
0.2313725490196078
0.36078431372549025
0.6862745098039216
0.6862745098039216
0.6588235294117647
0.6862745098039216
0.6745098039215687
0.6745098039215687
0.6901960784313725
0.6901960784313725
0.6862745098039216
0.7254901960784313
0.6745098039215687
0.6941176470588235
0.7098039215686274
0.6901960784313725
0.7176470588235294
0.7098039215686274
0.6745098039215687
0.6784313725490196
0.6980392156862745
0.6901960784313725
0.7098039215686274
0.6941176470588235
0.6901960784313725
0.6941176470588235
0.7176470588235294
0.7137254901960784
0.6901960784313725
0.7019607843137254
0.7058823529411764
0.7176470588235294
0.6823529411764706
0.7098039215686274
0.6862745098039216
0.7019607843137254
0.6862745098039216
0.6627450980392157
0.3803921568627451
0.33725490196078434
0.2313725490196078
0.21176470588235297
0.13725490196078427
0.39607843137254906
0.5176470588235293
0.607843137254902
0.607843137254902
0.6627450980392157
0.7294117647058824
0.7137254901960784
0.7215686274509804
0.6941176470588235
0.7098039215686274
0.7176470588235294
0.2901960784313725
0.3254901960784313
0.3058823529411765
0.2431372549019608
0.17647058823529416
0.12549019607843137
0.18823529411764706
0.615686274509804
0.6470588235294117
0.6588235294117647
0.7019607843137254
0.6823529411764706
0.6627450980392157
0.6705882352941177
0.7098039215686274
0.6941176470588235
0.6980392156862745
0.7098039215686274
0.6823529411764706
0.7058823529411764
0.7019607843137254
0.6980392156862745
0.6941176470588235
0.6588235294117647
0.7019607843137254
0.6901960784313725
0.7137254901960784
0.6823529411764706
0.7058823529411764
0.7058823529411764
0.6862745098039216
0.7058823529411764
0.6862745098039216
0.6862745098039216
0.7137254901960784
0.6901960784313725
0.7137254901960784
0.7254901960784313
0.6980392156862745
0.7098039215686274
0.7019607843137254
0.6901960784313725
0.30980392156862746
0.34509803921568627
0.30980392156862746
0.23529411764705888
0.1843137254901961
0.3058823529411765
0.43529411764705883
0.580392156862745
0.607843137254902
0.6745098039215687
0.7019607843137254
0.7176470588235294
0.7294117647058824
0.7058823529411764
0.6941176470588235
0.3529411764705882
0.3411764705882353
0.2705882352941177
0.3058823529411765
0.19999999999999996
0.16078431372549018
0.0980392156862745
0.07843137254901966
0.37254901960784315
0.5647058823529412
0.6549019607843137
0.6901960784313725
0.6862745098039216
0.6745098039215687
0.6549019607843137
0.6745098039215687
0.6941176470588235
0.6627450980392157
0.6784313725490196
0.7019607843137254
0.7098039215686274
0.6588235294117647
0.6666666666666667
0.6823529411764706
0.6980392156862745
0.6901960784313725
0.7176470588235294
0.6862745098039216
0.6666666666666667
0.7098039215686274
0.7215686274509804
0.6784313725490196
0.6823529411764706
0.6705882352941177
0.7176470588235294
0.6941176470588235
0.7019607843137254
0.7215686274509804
0.7254901960784313
0.7098039215686274
0.7137254901960784
0.7490196078431373
0.6745098039215687
0.2705882352941177
0.39607843137254906
0.3137254901960784
0.25098039215686274
0.2588235294117647
0.13725490196078427
0.3764705882352941
0.5372549019607843
0.603921568627451
0.615686274509804
0.6392156862745098
0.7137254901960784
0.7372549019607844
0.7764705882352941
0.34901960784313724
0.3411764705882353
0.32156862745098036
0.2784313725490196
0.2705882352941177
0.1568627450980392
0.1098039215686275
0.06274509803921569
0.08235294117647063
0.26274509803921564
0.403921568627451
0.5686274509803921
0.6431372549019607
0.6470588235294117
0.6745098039215687
0.6745098039215687
0.6666666666666667
0.7019607843137254
0.6627450980392157
0.6980392156862745
0.7137254901960784
0.6941176470588235
0.7137254901960784
0.6901960784313725
0.7098039215686274
0.7176470588235294
0.6823529411764706
0.6745098039215687
0.6901960784313725
0.6901960784313725
0.6980392156862745
0.7058823529411764
0.7294117647058824
0.7019607843137254
0.7176470588235294
0.6941176470588235
0.6941176470588235
0.6901960784313725
0.7058823529411764
0.7215686274509804
0.7098039215686274
0.6941176470588235
0.7333333333333334
0.6823529411764706
0.5215686274509803
0.29803921568627456
0.2901960784313725
0.21568627450980393
0.28627450980392155
0.2784313725490196
0.21568627450980393
0.4392156862745098
0.5450980392156863
0.611764705882353
0.615686274509804
0.7137254901960784
0.6745098039215687
0.3137254901960784
0.3686274509803922
0.3137254901960784
0.2901960784313725
0.2588235294117647
0.19999999999999996
0.06666666666666665
0.050980392156862786
0.04705882352941182
0.1686274509803921
0.29803921568627456
0.39607843137254906
0.4901960784313726
0.6352941176470588
0.603921568627451
0.6705882352941177
0.6588235294117647
0.6549019607843137
0.6941176470588235
0.6745098039215687
0.6901960784313725
0.7098039215686274
0.7098039215686274
0.7176470588235294
0.7137254901960784
0.6941176470588235
0.6941176470588235
0.6901960784313725
0.6745098039215687
0.7176470588235294
0.7137254901960784
0.6941176470588235
0.6980392156862745
0.7019607843137254
0.7019607843137254
0.6862745098039216
0.7098039215686274
0.7137254901960784
0.7098039215686274
0.7137254901960784
0.7176470588235294
0.7137254901960784
0.7294117647058824
0.7098039215686274
0.7019607843137254
0.3764705882352941
0.3803921568627451
0.34509803921568627
0.3254901960784313
0.2784313725490196
0.2666666666666667
0.23921568627450984
0.3411764705882353
0.4862745098039216
0.5372549019607843
0.603921568627451
0.6823529411764706
0.30980392156862746
0.4
0.33725490196078434
0.2313725490196078
0.2666666666666667
0.23921568627450984
0.14509803921568631
0.039215686274509776
0.04705882352941182
0.14901960784313728
0.26274509803921564
0.34901960784313724
0.43529411764705883
0.5529411764705883
0.580392156862745
0.6352941176470588
0.6313725490196078
0.6823529411764706
0.615686274509804
0.6901960784313725
0.6627450980392157
0.6941176470588235
0.7137254901960784
0.6980392156862745
0.6823529411764706
0.6823529411764706
0.6745098039215687
0.6784313725490196
0.6745098039215687
0.7333333333333334
0.6745098039215687
0.6745098039215687
0.7137254901960784
0.6941176470588235
0.7058823529411764
0.7019607843137254
0.6901960784313725
0.6784313725490196
0.7215686274509804
0.6784313725490196
0.7137254901960784
0.6862745098039216
0.6941176470588235
0.6901960784313725
0.6862745098039216
0.6862745098039216
0.5294117647058824
0.3529411764705882
0.3921568627450981
0.3176470588235294
0.27450980392156865
0.2196078431372549
0.21568627450980393
0.29803921568627456
0.3058823529411765
0.43529411764705883
0.5764705882352941
0.3294117647058824
0.37254901960784315
0.3294117647058824
0.2588235294117647
0.2705882352941177
0.1843137254901961
0.22352941176470587
0.0980392156862745
0.03137254901960784
0.11372549019607847
0.2549019607843137
0.33333333333333337
0.4392156862745098
0.5490196078431373
0.5764705882352941
0.611764705882353
0.6627450980392157
0.611764705882353
0.6588235294117647
0.6470588235294117
0.6509803921568628
0.6901960784313725
0.6980392156862745
0.7137254901960784
0.7176470588235294
0.6666666666666667
0.7019607843137254
0.7137254901960784
0.6941176470588235
0.6862745098039216
0.6705882352941177
0.6745098039215687
0.7019607843137254
0.7176470588235294
0.7215686274509804
0.6901960784313725
0.7137254901960784
0.7019607843137254
0.6941176470588235
0.6901960784313725
0.6941176470588235
0.7019607843137254
0.7058823529411764
0.7176470588235294
0.7058823529411764
0.6784313725490196
0.6784313725490196
0.5647058823529412
0.2941176470588235
0.3019607843137255
0.3294117647058824
0.3254901960784313
0.2588235294117647
0.2196078431372549
0.24705882352941178
0.26274509803921564
0.2784313725490196
0.33333333333333337
0.32156862745098036
0.23529411764705888
0.29803921568627456
0.27450980392156865
0.18823529411764706
0.14117647058823535
0.11764705882352944
0.05882352941176472
0.08235294117647063
0.23529411764705888
0.3764705882352941
0.3803921568627451
0.5333333333333333
0.5529411764705883
0.6431372549019607
0.6431372549019607
0.6627450980392157
0.6627450980392157
0.6666666666666667
0.6509803921568628
0.6627450980392157
0.6705882352941177
0.6588235294117647
0.6470588235294117
0.6823529411764706
0.6941176470588235
0.6705882352941177
0.7058823529411764
0.6980392156862745
0.6705882352941177
0.6823529411764706
0.6823529411764706
0.7019607843137254
0.7137254901960784
0.6784313725490196
0.7058823529411764
0.6941176470588235
0.7176470588235294
0.6862745098039216
0.6745098039215687
0.7176470588235294
0.7019607843137254
0.7333333333333334
0.6823529411764706
0.6784313725490196
0.7176470588235294
0.7137254901960784
0.3411764705882353
0.3411764705882353
0.3529411764705882
0.2823529411764706
0.3529411764705882
0.30980392156862746
0.21176470588235297
0.17647058823529416
0.22352941176470587
0.26274509803921564
0.3058823529411765
0.30980392156862746
0.26274509803921564
0.28627450980392155
0.22352941176470587
0.1686274509803921
0.33725490196078434
0.20392156862745103
0.14509803921568631
0.18823529411764706
0.2823529411764706
0.3803921568627451
0.4156862745098039
0.5411764705882354
0.615686274509804
0.6901960784313725
0.6745098039215687
0.6823529411764706
0.7019607843137254
0.6549019607843137
0.6901960784313725
0.6941176470588235
0.6784313725490196
0.6705882352941177
0.6823529411764706
0.6941176470588235
0.6627450980392157
0.6862745098039216
0.6901960784313725
0.6941176470588235
0.6941176470588235
0.6666666666666667
0.7098039215686274
0.7137254901960784
0.6823529411764706
0.6941176470588235
0.6941176470588235
0.7137254901960784
0.7019607843137254
0.7176470588235294
0.7137254901960784
0.6941176470588235
0.6823529411764706
0.7215686274509804
0.6941176470588235
0.6705882352941177
0.6862745098039216
0.7019607843137254
0.26274509803921564
0.3137254901960784
0.3921568627450981
0.3803921568627451
0.3058823529411765
0.1568627450980392
0.2313725490196078
0.19999999999999996
0.19999999999999996
0.21568627450980393
0.2196078431372549
0.18039215686274512
0.12941176470588234
0.25098039215686274
0.3019607843137255
0.3294117647058824
0.2941176470588235
0.2313725490196078
0.1725490196078432
0.14509803921568631
0.3058823529411765
0.43137254901960786
0.5490196078431373
0.580392156862745
0.6470588235294117
0.6745098039215687
0.6745098039215687
0.6784313725490196
0.6705882352941177
0.6549019607843137
0.6862745098039216
0.6627450980392157
0.6745098039215687
0.6745098039215687
0.6745098039215687
0.7019607843137254
0.6470588235294117
0.6666666666666667
0.6745098039215687
0.6980392156862745
0.6784313725490196
0.7019607843137254
0.6901960784313725
0.7294117647058824
0.6862745098039216
0.7176470588235294
0.6862745098039216
0.7098039215686274
0.6901960784313725
0.6784313725490196
0.7019607843137254
0.6941176470588235
0.7019607843137254
0.7254901960784313
0.7019607843137254
0.6941176470588235
0.6901960784313725
0.7215686274509804
0.28627450980392155
0.2823529411764706
0.2784313725490196
0.3176470588235294
0.30980392156862746
0.2784313725490196
0.2901960784313725
0.2431372549019608
0.2705882352941177
0.23921568627450984
0.207843137254902
0.2313725490196078
0.2941176470588235
0.32156862745098036
0.4156862745098039
0.43529411764705883
0.22745098039215683
0.11372549019607847
0.207843137254902
0.14117647058823535
0.11764705882352944
0.44313725490196076
0.5450980392156863
0.5882352941176471
0.6
0.6509803921568628
0.6901960784313725
0.7019607843137254
0.6862745098039216
0.6901960784313725
0.6862745098039216
0.6784313725490196
0.6470588235294117
0.6862745098039216
0.6980392156862745
0.7215686274509804
0.6666666666666667
0.6862745098039216
0.7019607843137254
0.6784313725490196
0.6823529411764706
0.6745098039215687
0.7019607843137254
0.7019607843137254
0.7098039215686274
0.7058823529411764
0.7019607843137254
0.6941176470588235
0.6823529411764706
0.7176470588235294
0.6980392156862745
0.6901960784313725
0.7215686274509804
0.6784313725490196
0.7176470588235294
0.7215686274509804
0.7215686274509804
0.6823529411764706
0.2941176470588235
0.33333333333333337
0.29803921568627456
0.2784313725490196
0.32156862745098036
0.2823529411764706
0.2666666666666667
0.26274509803921564
0.22745098039215683
0.24705882352941178
0.2196078431372549
0.20392156862745103
0.21176470588235297
0.22745098039215683
0.3254901960784313
0.3019607843137255
0.24705882352941178
0.196078431372549
0.019607843137254943
0.12941176470588234
0.1098039215686275
0.39607843137254906
0.5254901960784314
0.5882352941176471
0.6392156862745098
0.6745098039215687
0.6431372549019607
0.7019607843137254
0.7019607843137254
0.6588235294117647
0.6784313725490196
0.6705882352941177
0.7058823529411764
0.6862745098039216
0.7058823529411764
0.7058823529411764
0.6784313725490196
0.6666666666666667
0.6627450980392157
0.6705882352941177
0.6901960784313725
0.6823529411764706
0.6862745098039216
0.6627450980392157
0.6784313725490196
0.6980392156862745
0.7215686274509804
0.6784313725490196
0.7019607843137254
0.7137254901960784
0.6745098039215687
0.7098039215686274
0.7019607843137254
0.7176470588235294
0.6862745098039216
0.7098039215686274
0.6862745098039216
0.6666666666666667
0.2941176470588235
0.2705882352941177
0.3529411764705882
0.3019607843137255
0.2431372549019608
0.23921568627450984
0.15294117647058825
0.16078431372549018
0.11372549019607847
0.05882352941176472
0.11764705882352944
0.10196078431372546
0.0980392156862745
0.09019607843137256
0.0980392156862745
0.09019607843137256
0.05490196078431375
0.07450980392156858
0.0
0.05882352941176472
0.07450980392156858
0.08235294117647063
0.19215686274509802
0.4666666666666667
0.5176470588235293
0.6
0.592156862745098
0.6274509803921569
0.6666666666666667
0.6549019607843137
0.6784313725490196
0.6901960784313725
0.6588235294117647
0.6823529411764706
0.7058823529411764
0.6549019607843137
0.6666666666666667
0.6549019607843137
0.6941176470588235
0.6823529411764706
0.6823529411764706
0.6941176470588235
0.6941176470588235
0.7058823529411764
0.6980392156862745
0.6705882352941177
0.6980392156862745
0.7176470588235294
0.6784313725490196
0.7137254901960784
0.7411764705882353
0.6823529411764706
0.6901960784313725
0.6823529411764706
0.7333333333333334
0.6980392156862745
0.6745098039215687
0.6745098039215687
0.43529411764705883
0.2549019607843137
0.2549019607843137
0.1843137254901961
0.20392156862745103
0.13725490196078427
0.16078431372549018
0.050980392156862786
0.06666666666666665
0.019607843137254943
0.015686274509803977
0.015686274509803977
0.1098039215686275
0.196078431372549
0.015686274509803977
0.0
0.0
0.0039215686274509665
0.015686274509803977
0.03529411764705881
0.0
0.027450980392156876
0.03529411764705881
0.1725490196078432
0.388235294117647
0.48235294117647054
0.5882352941176471
0.592156862745098
0.6274509803921569
0.607843137254902
0.6509803921568628
0.6509803921568628
0.6705882352941177
0.6745098039215687
0.6862745098039216
0.6627450980392157
0.6705882352941177
0.6705882352941177
0.6705882352941177
0.6745098039215687
0.6588235294117647
0.6745098039215687
0.7215686274509804
0.6862745098039216
0.7019607843137254
0.7058823529411764
0.6862745098039216
0.6980392156862745
0.6941176470588235
0.6941176470588235
0.7254901960784313
0.7137254901960784
0.7176470588235294
0.6666666666666667
0.6823529411764706
0.6823529411764706
0.7176470588235294
0.6823529411764706
0.7254901960784313
0.2588235294117647
0.2431372549019608
0.3019607843137255
0.23921568627450984
0.3176470588235294
0.2196078431372549
0.0980392156862745
0.0
0.007843137254901933
0.0039215686274509665
0.05490196078431375
0.06666666666666665
0.12941176470588234
0.11372549019607847
0.3803921568627451
0.3058823529411765
0.0862745098039216
0.03529411764705881
0.007843137254901933
0.015686274509803977
0.12941176470588234
0.20392156862745103
0.17647058823529416
0.16078431372549018
0.26274509803921564
0.4784313725490196
0.5019607843137255
0.5686274509803921
0.580392156862745
0.615686274509804
0.6745098039215687
0.6588235294117647
0.7019607843137254
0.6627450980392157
0.6823529411764706
0.6745098039215687
0.7098039215686274
0.6823529411764706
0.6784313725490196
0.6941176470588235
0.6549019607843137
0.6705882352941177
0.6862745098039216
0.6862745098039216
0.7019607843137254
0.7137254901960784
0.6784313725490196
0.6941176470588235
0.6823529411764706
0.6745098039215687
0.6823529411764706
0.6862745098039216
0.6666666666666667
0.6823529411764706
0.7098039215686274
0.6862745098039216
0.6980392156862745
0.7176470588235294
0.2588235294117647
0.26274509803921564
0.2705882352941177
0.2823529411764706
0.27450980392156865
0.2196078431372549
0.22352941176470587
0.16470588235294115
0.20392156862745103
0.12941176470588234
0.0117647058823529
0.0
0.02352941176470591
0.1215686274509804
0.08235294117647063
0.16470588235294115
0.0980392156862745
0.10196078431372546
0.28627450980392155
0.1568627450980392
0.207843137254902
0.10196078431372546
0.19215686274509802
0.17647058823529416
0.16078431372549018
0.12941176470588234
0.4274509803921569
0.5254901960784314
0.5764705882352941
0.596078431372549
0.6313725490196078
0.6352941176470588
0.6392156862745098
0.6470588235294117
0.7176470588235294
0.6784313725490196
0.6509803921568628
0.6705882352941177
0.6705882352941177
0.6980392156862745
0.6431372549019607
0.6588235294117647
0.6627450980392157
0.7058823529411764
0.6823529411764706
0.7176470588235294
0.6862745098039216
0.6784313725490196
0.6980392156862745
0.6627450980392157
0.7098039215686274
0.6862745098039216
0.7294117647058824
0.7333333333333334
0.6784313725490196
0.6784313725490196
0.6941176470588235
0.7215686274509804
0.23921568627450984
0.2588235294117647
0.2823529411764706
0.2784313725490196
0.2705882352941177
0.2666666666666667
0.23921568627450984
0.21568627450980393
0.16470588235294115
0.14117647058823535
0.007843137254901933
0.027450980392156876
0.0039215686274509665
0.03529411764705881
0.039215686274509776
0.007843137254901933
0.0
0.05882352941176472
0.0
0.09019607843137256
0.06274509803921569
0.14117647058823535
0.09411764705882353
0.08235294117647063
0.050980392156862786
0.11764705882352944
0.2313725490196078
0.4980392156862745
0.5333333333333333
0.584313725490196
0.596078431372549
0.607843137254902
0.6274509803921569
0.6235294117647059
0.6941176470588235
0.6588235294117647
0.6784313725490196
0.6862745098039216
0.6666666666666667
0.6627450980392157
0.6392156862745098
0.6901960784313725
0.7137254901960784
0.7058823529411764
0.6941176470588235
0.6666666666666667
0.6941176470588235
0.6980392156862745
0.7058823529411764
0.6980392156862745
0.7137254901960784
0.7058823529411764
0.6745098039215687
0.7019607843137254
0.7137254901960784
0.7019607843137254
0.6941176470588235
0.7215686274509804
0.2431372549019608
0.24705882352941178
0.2549019607843137
0.2588235294117647
0.22745098039215683
0.21568627450980393
0.1568627450980392
0.13725490196078427
0.1333333333333333
0.1098039215686275
0.027450980392156876
0.0
0.007843137254901933
0.03529411764705881
0.02352941176470591
0.04705882352941182
0.03137254901960784
0.0117647058823529
0.007843137254901933
0.0
0.03137254901960784
0.0
0.0
0.0
0.0117647058823529
0.050980392156862786
0.1098039215686275
0.3294117647058824
0.48235294117647054
0.5372549019607843
0.5725490196078431
0.5764705882352941
0.6313725490196078
0.615686274509804
0.6509803921568628
0.6549019607843137
0.6392156862745098
0.6627450980392157
0.6509803921568628
0.6745098039215687
0.6666666666666667
0.6745098039215687
0.6784313725490196
0.6862745098039216
0.6666666666666667
0.6941176470588235
0.6862745098039216
0.6823529411764706
0.7058823529411764
0.7058823529411764
0.7019607843137254
0.6980392156862745
0.6862745098039216
0.6784313725490196
0.7215686274509804
0.6901960784313725
0.6862745098039216
0.6666666666666667
0.7294117647058824
0.18823529411764706
0.21568627450980393
0.20392156862745103
0.23529411764705888
0.22745098039215683
0.207843137254902
0.14901960784313728
0.1215686274509804
0.11764705882352944
0.0980392156862745
0.027450980392156876
0.05490196078431375
0.08235294117647063
0.09411764705882353
0.07450980392156858
0.06274509803921569
0.039215686274509776
0.0
0.027450980392156876
0.0
0.015686274509803977
0.0
0.007843137254901933
0.03137254901960784
0.09411764705882353
0.06666666666666665
0.18039215686274512
0.3019607843137255
0.4392156862745098
0.5450980392156863
0.5882352941176471
0.6196078431372549
0.6235294117647059
0.6588235294117647
0.6431372549019607
0.6862745098039216
0.6705882352941177
0.6901960784313725
0.6862745098039216
0.6549019607843137
0.6588235294117647
0.6941176470588235
0.6705882352941177
0.6549019607843137
0.6666666666666667
0.6901960784313725
0.6901960784313725
0.6941176470588235
0.6823529411764706
0.6941176470588235
0.6666666666666667
0.7058823529411764
0.6901960784313725
0.6745098039215687
0.6941176470588235
0.7019607843137254
0.7098039215686274
0.6823529411764706
0.21176470588235297
0.21568627450980393
0.21176470588235297
0.18823529411764706
0.18039215686274512
0.1686274509803921
0.17647058823529416
0.10588235294117643
0.12549019607843137
0.0862745098039216
0.0862745098039216
0.019607843137254943
0.06666666666666665
0.11372549019607847
0.14509803921568631
0.1215686274509804
0.07843137254901966
0.0980392156862745
0.05882352941176472
0.03137254901960784
0.07058823529411762
0.07058823529411762
0.05882352941176472
0.09019607843137256
0.07843137254901966
0.11764705882352944
0.16470588235294115
0.19999999999999996
0.3647058823529412
0.4509803921568627
0.5450980392156863
0.5764705882352941
0.6196078431372549
0.6588235294117647
0.6352941176470588
0.6431372549019607
0.6431372549019607
0.6588235294117647
0.6823529411764706
0.6509803921568628
0.6509803921568628
0.6862745098039216
0.6392156862745098
0.6862745098039216
0.6862745098039216
0.6745098039215687
0.7058823529411764
0.6705882352941177
0.7098039215686274
0.7254901960784313
0.6941176470588235
0.7215686274509804
0.7019607843137254
0.7098039215686274
0.6980392156862745
0.6901960784313725
0.6901960784313725
0.6431372549019607
0.6784313725490196
0.22352941176470587
0.19215686274509802
0.207843137254902
0.19999999999999996
0.14901960784313728
0.1333333333333333
0.10196078431372546
0.10588235294117643
0.09411764705882353
0.07843137254901966
0.07843137254901966
0.07450980392156858
0.14509803921568631
0.14901960784313728
0.10588235294117643
0.10196078431372546
0.0980392156862745
0.1686274509803921
0.13725490196078427
0.0980392156862745
0.10196078431372546
0.0980392156862745
0.05882352941176472
0.04705882352941182
0.12941176470588234
0.21176470588235297
0.2313725490196078
0.3294117647058824
0.43137254901960786
0.4901960784313726
0.5529411764705883
0.603921568627451
0.6352941176470588
0.6196078431372549
0.6392156862745098
0.6470588235294117
0.6862745098039216
0.6666666666666667
0.6666666666666667
0.6862745098039216
0.6823529411764706
0.6901960784313725
0.6705882352941177
0.6941176470588235
0.7098039215686274
0.7058823529411764
0.6588235294117647
0.6862745098039216
0.6941176470588235
0.6941176470588235
0.6901960784313725
0.7058823529411764
0.6941176470588235
0.6666666666666667
0.6666666666666667
0.6901960784313725
0.6823529411764706
0.6901960784313725
0.2313725490196078
0.2196078431372549
0.1843137254901961
0.14509803921568631
0.1333333333333333
0.11372549019607847
0.06666666666666665
0.11372549019607847
0.07058823529411762
0.050980392156862786
0.050980392156862786
0.019607843137254943
0.1568627450980392
0.14117647058823535
0.23529411764705888
0.23529411764705888
0.28627450980392155
0.3254901960784313
0.23921568627450984
0.22352941176470587
0.1568627450980392
0.07450980392156858
0.09019607843137256
0.0862745098039216
0.11764705882352944
0.2705882352941177
0.2549019607843137
0.3058823529411765
0.4
0.4745098039215686
0.5058823529411764
0.5725490196078431
0.5882352941176471
0.6313725490196078
0.6196078431372549
0.6196078431372549
0.6196078431372549
0.6431372549019607
0.6549019607843137
0.6470588235294117
0.6588235294117647
0.6666666666666667
0.6666666666666667
0.6901960784313725
0.6588235294117647
0.6941176470588235
0.7098039215686274
0.6862745098039216
0.7254901960784313
0.6980392156862745
0.6980392156862745
0.6705882352941177
0.6745098039215687
0.6901960784313725
0.7098039215686274
0.7019607843137254
0.6901960784313725
0.5019607843137255
0.18039215686274512
0.20392156862745103
0.16470588235294115
0.1568627450980392
0.10196078431372546
0.09411764705882353
0.12549019607843137
0.0980392156862745
0.08235294117647063
0.07450980392156858
0.07058823529411762
0.04313725490196074
0.14117647058823535
0.1725490196078432
0.2313725490196078
0.2666666666666667
0.2901960784313725
0.2784313725490196
0.23921568627450984
0.2666666666666667
0.2196078431372549
0.15294117647058825
0.015686274509803977
0.08235294117647063
0.18039215686274512
0.25098039215686274
0.2823529411764706
0.34509803921568627
0.36078431372549025
0.43137254901960786
0.49411764705882355
0.5176470588235293
0.5607843137254902
0.580392156862745
0.6274509803921569
0.6313725490196078
0.607843137254902
0.6196078431372549
0.615686274509804
0.6470588235294117
0.6235294117647059
0.6392156862745098
0.6980392156862745
0.6627450980392157
0.6745098039215687
0.6509803921568628
0.6666666666666667
0.6784313725490196
0.6823529411764706
0.6784313725490196
0.6980392156862745
0.7019607843137254
0.7176470588235294
0.6745098039215687
0.6901960784313725
0.6941176470588235
0.6745098039215687
0.5568627450980392
0.1843137254901961
0.19999999999999996
0.19999999999999996
0.16470588235294115
0.16470588235294115
0.11764705882352944
0.10196078431372546
0.10196078431372546
0.06666666666666665
0.07058823529411762
0.04313725490196074
0.0117647058823529
0.1725490196078432
0.19999999999999996
0.22352941176470587
0.26274509803921564
0.3058823529411765
0.2901960784313725
0.3058823529411765
0.25098039215686274
0.24705882352941178
0.1843137254901961
0.1215686274509804
0.07450980392156858
0.1725490196078432
0.3019607843137255
0.3058823529411765
0.32156862745098036
0.3529411764705882
0.4
0.4980392156862745
0.5137254901960784
0.5294117647058824
0.580392156862745
0.611764705882353
0.6392156862745098
0.6549019607843137
0.6470588235294117
0.6352941176470588
0.6235294117647059
0.6549019607843137
0.6431372549019607
0.6666666666666667
0.6666666666666667
0.6392156862745098
0.6588235294117647
0.6862745098039216
0.6901960784313725
0.6745098039215687
0.6980392156862745
0.7098039215686274
0.6980392156862745
0.7058823529411764
0.6705882352941177
0.6862745098039216
0.6705882352941177
0.6588235294117647
0.3921568627450981
0.1843137254901961
0.207843137254902
0.17647058823529416
0.1843137254901961
0.21176470588235297
0.1568627450980392
0.09411764705882353
0.09411764705882353
0.09411764705882353
0.0862745098039216
0.06666666666666665
0.08235294117647063
0.23529411764705888
0.22745098039215683
0.25098039215686274
0.23921568627450984
0.27450980392156865
0.32156862745098036
0.3176470588235294
0.24705882352941178
0.20392156862745103
0.16078431372549018
0.11372549019607847
0.06274509803921569
0.14509803921568631
0.2941176470588235
0.33333333333333337
0.35686274509803917
0.34509803921568627
0.38431372549019605
0.4156862745098039
0.47058823529411764
0.5176470588235293
0.5450980392156863
0.5490196078431373
0.6
0.6274509803921569
0.596078431372549
0.607843137254902
0.6392156862745098
0.6549019607843137
0.6274509803921569
0.6470588235294117
0.6352941176470588
0.6705882352941177
0.6588235294117647
0.6509803921568628
0.6823529411764706
0.6588235294117647
0.6901960784313725
0.6980392156862745
0.6941176470588235
0.6901960784313725
0.6980392156862745
0.6862745098039216
0.6980392156862745
0.6745098039215687
0.6549019607843137
0.18823529411764706
0.18823529411764706
0.18823529411764706
0.16078431372549018
0.1686274509803921
0.18039215686274512
0.1333333333333333
0.11764705882352944
0.09019607843137256
0.0039215686274509665
0.0117647058823529
0.11372549019607847
0.24705882352941178
0.27450980392156865
0.2549019607843137
0.2549019607843137
0.2941176470588235
0.29803921568627456
0.27450980392156865
0.2588235294117647
0.18823529411764706
0.13725490196078427
0.1098039215686275
0.06274509803921569
0.16470588235294115
0.3019607843137255
0.33333333333333337
0.3529411764705882
0.36078431372549025
0.4
0.44705882352941173
0.4627450980392157
0.5294117647058824
0.5450980392156863
0.5411764705882354
0.5882352941176471
0.580392156862745
0.6
0.6352941176470588
0.6352941176470588
0.6392156862745098
0.6705882352941177
0.6470588235294117
0.6352941176470588
0.6901960784313725
0.6470588235294117
0.6627450980392157
0.6509803921568628
0.6705882352941177
0.6666666666666667
0.6901960784313725
0.6627450980392157
0.7019607843137254
0.7019607843137254
0.6745098039215687
0.6941176470588235
0.6627450980392157
0.4862745098039216
0.1843137254901961
0.17647058823529416
0.19999999999999996
0.19999999999999996
0.18039215686274512
0.1843137254901961
0.16470588235294115
0.1725490196078432
0.1215686274509804
0.07843137254901966
0.12549019607843137
0.22352941176470587
0.25098039215686274
0.2549019607843137
0.27450980392156865
0.23529411764705888
0.23529411764705888
0.26274509803921564
0.21176470588235297
0.196078431372549
0.1333333333333333
0.11764705882352944
0.14509803921568631
0.07450980392156858
0.16470588235294115
0.28627450980392155
0.3529411764705882
0.3647058823529412
0.3686274509803922
0.39607843137254906
0.4117647058823529
0.4745098039215686
0.4901960784313726
0.5490196078431373
0.5450980392156863
0.5450980392156863
0.5882352941176471
0.596078431372549
0.603921568627451
0.6313725490196078
0.6588235294117647
0.6431372549019607
0.6745098039215687
0.6274509803921569
0.6549019607843137
0.6509803921568628
0.6588235294117647
0.6509803921568628
0.6980392156862745
0.6823529411764706
0.6980392156862745
0.6549019607843137
0.6705882352941177
0.6941176470588235
0.6941176470588235
0.6549019607843137
0.6549019607843137
0.5882352941176471
0.1568627450980392
0.17647058823529416
0.18823529411764706
0.1686274509803921
0.1725490196078432
0.20392156862745103
0.21176470588235297
0.1333333333333333
0.1333333333333333
0.14901960784313728
0.12941176470588234
0.1568627450980392
0.19215686274509802
0.28627450980392155
0.2901960784313725
0.28627450980392155
0.196078431372549
0.1843137254901961
0.196078431372549
0.1843137254901961
0.1568627450980392
0.13725490196078427
0.05882352941176472
0.12941176470588234
0.2196078431372549
0.24705882352941178
0.3686274509803922
0.3529411764705882
0.34901960784313724
0.4156862745098039
0.4509803921568627
0.4980392156862745
0.5215686274509803
0.5019607843137255
0.584313725490196
0.5490196078431373
0.603921568627451
0.584313725490196
0.6274509803921569
0.6352941176470588
0.611764705882353
0.615686274509804
0.6392156862745098
0.6627450980392157
0.6509803921568628
0.6588235294117647
0.7019607843137254
0.6901960784313725
0.6901960784313725
0.6784313725490196
0.6627450980392157
0.6666666666666667
0.6666666666666667
0.6745098039215687
0.6980392156862745
0.6823529411764706
0.6666666666666667
0.6588235294117647
0.1843137254901961
0.18039215686274512
0.18039215686274512
0.14117647058823535
0.1568627450980392
0.21176470588235297
0.17647058823529416
0.19999999999999996
0.1686274509803921
0.14509803921568631
0.0980392156862745
0.09411764705882353
0.20392156862745103
0.2549019607843137
0.2431372549019608
0.25098039215686274
0.23921568627450984
0.207843137254902
0.16078431372549018
0.12549019607843137
0.10196078431372546
0.14117647058823535
0.05882352941176472
0.07843137254901966
0.19999999999999996
0.2901960784313725
0.3019607843137255
0.40784313725490196
0.43529411764705883
0.49411764705882355
0.5411764705882354
0.607843137254902
0.584313725490196
0.615686274509804
0.607843137254902
0.5882352941176471
0.6470588235294117
0.6862745098039216
0.6352941176470588
0.6745098039215687
0.6705882352941177
0.6705882352941177
0.6862745098039216
0.6588235294117647
0.6941176470588235
0.6823529411764706
0.6862745098039216
0.6705882352941177
0.6862745098039216
0.6666666666666667
0.7058823529411764
0.6509803921568628
0.6705882352941177
0.6627450980392157
0.6862745098039216
0.6627450980392157
0.6745098039215687
0.6823529411764706
0.1686274509803921
0.2313725490196078
0.1843137254901961
0.1686274509803921
0.20392156862745103
0.22745098039215683
0.22352941176470587
0.1686274509803921
0.18039215686274512
0.11764705882352944
0.1215686274509804
0.15294117647058825
0.14117647058823535
0.17647058823529416
0.2431372549019608
0.2823529411764706
0.207843137254902
0.1725490196078432
0.15294117647058825
0.0980392156862745
0.15294117647058825
0.039215686274509776
0.09019607843137256
0.15294117647058825
0.2196078431372549
0.26274509803921564
0.3411764705882353
0.41960784313725485
0.48235294117647054
0.5058823529411764
0.5686274509803921
0.584313725490196
0.6352941176470588
0.6431372549019607
0.6745098039215687
0.6509803921568628
0.6509803921568628
0.6627450980392157
0.6784313725490196
0.6823529411764706
0.6823529411764706
0.7058823529411764
0.7176470588235294
0.7098039215686274
0.7019607843137254
0.7058823529411764
0.7019607843137254
0.7019607843137254
0.6313725490196078
0.6901960784313725
0.6745098039215687
0.6862745098039216
0.6784313725490196
0.7058823529411764
0.6862745098039216
0.6705882352941177
0.6470588235294117
0.6392156862745098
0.14509803921568631
0.1725490196078432
0.19215686274509802
0.1686274509803921
0.1843137254901961
0.23529411764705888
0.21568627450980393
0.18823529411764706
0.16078431372549018
0.1843137254901961
0.14117647058823535
0.17647058823529416
0.14509803921568631
0.1568627450980392
0.207843137254902
0.19999999999999996
0.14509803921568631
0.1098039215686275
0.1215686274509804
0.10588235294117643
0.09019607843137256
0.0862745098039216
0.09411764705882353
0.17647058823529416
0.25098039215686274
0.3176470588235294
0.35686274509803917
0.43529411764705883
0.4784313725490196
0.5411764705882354
0.5490196078431373
0.596078431372549
0.611764705882353
0.6235294117647059
0.6352941176470588
0.6784313725490196
0.6549019607843137
0.6705882352941177
0.6549019607843137
0.6784313725490196
0.6588235294117647
0.6862745098039216
0.6470588235294117
0.7058823529411764
0.6980392156862745
0.6862745098039216
0.6980392156862745
0.6705882352941177
0.6784313725490196
0.6823529411764706
0.7019607843137254
0.6588235294117647
0.7019607843137254
0.6862745098039216
0.6941176470588235
0.6784313725490196
0.6784313725490196
0.6745098039215687
0.14509803921568631
0.2313725490196078
0.2196078431372549
0.19215686274509802
0.20392156862745103
0.21568627450980393
0.23529411764705888
0.2196078431372549
0.2196078431372549
0.16078431372549018
0.13725490196078427
0.18039215686274512
0.1333333333333333
0.1686274509803921
0.2313725490196078
0.23921568627450984
0.1098039215686275
0.039215686274509776
0.039215686274509776
0.15294117647058825
0.07058823529411762
0.11372549019607847
0.13725490196078427
0.19215686274509802
0.2549019607843137
0.3176470588235294
0.3529411764705882
0.44313725490196076
0.48235294117647054
0.5372549019607843
0.5490196078431373
0.580392156862745
0.6235294117647059
0.615686274509804
0.6627450980392157
0.6941176470588235
0.6823529411764706
0.6549019607843137
0.6980392156862745
0.6784313725490196
0.6823529411764706
0.6784313725490196
0.7019607843137254
0.7019607843137254
0.6823529411764706
0.6823529411764706
0.6549019607843137
0.6705882352941177
0.6862745098039216
0.7098039215686274
0.6666666666666667
0.7098039215686274
0.6901960784313725
0.6666666666666667
0.6705882352941177
0.6823529411764706
0.6823529411764706
0.5490196078431373
0.15294117647058825
0.23529411764705888
0.20392156862745103
0.20392156862745103
0.21568627450980393
0.22745098039215683
0.22352941176470587
0.2196078431372549
0.196078431372549
0.1686274509803921
0.14509803921568631
0.1725490196078432
0.1725490196078432
0.1686274509803921
0.20392156862745103
0.2196078431372549
0.1333333333333333
0.07450980392156858
0.06666666666666665
0.07843137254901966
0.07843137254901966
0.10196078431372546
0.1725490196078432
0.23921568627450984
0.2666666666666667
0.3176470588235294
0.35686274509803917
0.44705882352941173
0.45882352941176474
0.4980392156862745
0.5333333333333333
0.6
0.6235294117647059
0.611764705882353
0.6627450980392157
0.6666666666666667
0.6666666666666667
0.6549019607843137
0.6431372549019607
0.6980392156862745
0.6627450980392157
0.6862745098039216
0.7019607843137254
0.6666666666666667
0.6784313725490196
0.6745098039215687
0.6980392156862745
0.6980392156862745
0.6862745098039216
0.6588235294117647
0.6705882352941177
0.7137254901960784
0.6784313725490196
0.6784313725490196
0.6666666666666667
0.6941176470588235
0.6941176470588235
0.5215686274509803
0.18039215686274512
0.2196078431372549
0.2549019607843137
0.22745098039215683
0.22745098039215683
0.2431372549019608
0.23921568627450984
0.20392156862745103
0.2196078431372549
0.15294117647058825
0.1568627450980392
0.18823529411764706
0.18823529411764706
0.16078431372549018
0.1686274509803921
0.2196078431372549
0.10196078431372546
0.04313725490196074
0.039215686274509776
0.05882352941176472
0.07843137254901966
0.14901960784313728
0.196078431372549
0.2823529411764706
0.2941176470588235
0.34901960784313724
0.39607843137254906
0.41960784313725485
0.5019607843137255
0.5137254901960784
0.5372549019607843
0.5607843137254902
0.611764705882353
0.6392156862745098
0.6352941176470588
0.6705882352941177
0.6705882352941177
0.6666666666666667
0.6549019607843137
0.6980392156862745
0.6941176470588235
0.6745098039215687
0.7098039215686274
0.6823529411764706
0.6941176470588235
0.6627450980392157
0.6980392156862745
0.6666666666666667
0.6745098039215687
0.6745098039215687
0.7098039215686274
0.6862745098039216
0.6901960784313725
0.6666666666666667
0.6862745098039216
0.6784313725490196
0.7098039215686274
0.6705882352941177
0.196078431372549
0.18823529411764706
0.23921568627450984
0.207843137254902
0.207843137254902
0.25098039215686274
0.22745098039215683
0.25098039215686274
0.21568627450980393
0.196078431372549
0.1725490196078432
0.1725490196078432
0.16470588235294115
0.16078431372549018
0.15294117647058825
0.16078431372549018
0.15294117647058825
0.06666666666666665
0.039215686274509776
0.07450980392156858
0.16078431372549018
0.196078431372549
0.20392156862745103
0.25098039215686274
0.3294117647058824
0.34901960784313724
0.3647058823529412
0.4274509803921569
0.4627450980392157
0.5294117647058824
0.580392156862745
0.592156862745098
0.6196078431372549
0.6549019607843137
0.6235294117647059
0.6274509803921569
0.6549019607843137
0.6392156862745098
0.6627450980392157
0.6862745098039216
0.7058823529411764
0.6941176470588235
0.6941176470588235
0.6745098039215687
0.6980392156862745
0.6705882352941177
0.6823529411764706
0.7058823529411764
0.7098039215686274
0.6666666666666667
0.6745098039215687
0.6980392156862745
0.6784313725490196
0.6588235294117647
0.6862745098039216
0.6627450980392157
0.6980392156862745
0.6901960784313725
0.7098039215686274