0.7098039215686274
0.6862745098039216
0.6901960784313725
0.7215686274509804
0.7372549019607844
0.6980392156862745
0.7254901960784313
0.6823529411764706
0.7019607843137254
0.7019607843137254
0.6980392156862745
0.7098039215686274
0.7019607843137254
0.6823529411764706
0.6823529411764706
0.6862745098039216
0.7215686274509804
0.7098039215686274
0.6823529411764706
0.6823529411764706
0.7058823529411764
0.6901960784313725
0.6745098039215687
0.6941176470588235
0.6823529411764706
0.7098039215686274
0.6666666666666667
0.6745098039215687
0.6941176470588235
0.6980392156862745
0.6705882352941177
0.7019607843137254
0.6941176470588235
0.6666666666666667
0.6745098039215687
0.6784313725490196
0.6509803921568628
0.6666666666666667
0.6666666666666667
0.6509803921568628
0.6862745098039216
0.6509803921568628
0.6745098039215687
0.6666666666666667
0.6627450980392157
0.6470588235294117
0.6862745098039216
0.6549019607843137
0.6588235294117647
0.6588235294117647
0.6627450980392157
0.6549019607843137
0.6392156862745098
0.6745098039215687
0.6901960784313725
0.6784313725490196
0.6313725490196078
0.6509803921568628
0.6588235294117647
0.7333333333333334
0.6862745098039216
0.6980392156862745
0.6862745098039216
0.7215686274509804
0.7137254901960784
0.7254901960784313
0.7098039215686274
0.7098039215686274
0.6980392156862745
0.6862745098039216
0.6901960784313725
0.7098039215686274
0.7058823529411764
0.7137254901960784
0.6941176470588235
0.6980392156862745
0.7019607843137254
0.6823529411764706
0.7019607843137254
0.6941176470588235
0.7176470588235294
0.6980392156862745
0.7098039215686274
0.7058823529411764
0.7098039215686274
0.6588235294117647
0.6862745098039216
0.7019607843137254
0.7058823529411764
0.6823529411764706
0.6941176470588235
0.6901960784313725
0.6941176470588235
0.6588235294117647
0.7019607843137254
0.6862745098039216
0.7058823529411764
0.6980392156862745
0.6784313725490196
0.7019607843137254
0.6705882352941177
0.6823529411764706
0.6823529411764706
0.6901960784313725
0.7019607843137254
0.6588235294117647
0.6862745098039216
0.6862745098039216
0.6549019607843137
0.6745098039215687
0.6509803921568628
0.6823529411764706
0.6823529411764706
0.6666666666666667
0.6823529411764706
0.6470588235294117
0.6980392156862745
0.6745098039215687
0.7176470588235294
0.7254901960784313
0.7333333333333334
0.7098039215686274
0.6941176470588235
0.6941176470588235
0.6901960784313725
0.6901960784313725
0.6941176470588235
0.7176470588235294
0.7176470588235294
0.7176470588235294
0.7254901960784313
0.7019607843137254
0.7176470588235294
0.6745098039215687
0.6901960784313725
0.7098039215686274
0.7058823529411764
0.6941176470588235
0.7058823529411764
0.6941176470588235
0.7137254901960784
0.6980392156862745
0.6823529411764706
0.7098039215686274
0.7254901960784313
0.7294117647058824
0.6941176470588235
0.7019607843137254
0.6823529411764706
0.7176470588235294
0.6745098039215687
0.6823529411764706
0.6705882352941177
0.6666666666666667
0.7098039215686274
0.6627450980392157
0.6588235294117647
0.6705882352941177
0.6862745098039216
0.6823529411764706
0.6823529411764706
0.6705882352941177
0.6745098039215687
0.6745098039215687
0.6980392156862745
0.7019607843137254
0.6431372549019607
0.6666666666666667
0.6784313725490196
0.6509803921568628
0.6823529411764706
0.6862745098039216
0.6941176470588235
0.6862745098039216
0.6862745098039216
0.6901960784313725
0.6352941176470588
0.7411764705882353
0.7215686274509804
0.6745098039215687
0.7333333333333334
0.7294117647058824
0.7019607843137254
0.7294117647058824
0.7137254901960784
0.7215686274509804
0.6980392156862745
0.6666666666666667
0.7019607843137254
0.7333333333333334
0.6823529411764706
0.6666666666666667
0.6941176470588235
0.6901960784313725
0.6862745098039216
0.7176470588235294
0.6862745098039216
0.6784313725490196
0.7176470588235294
0.6745098039215687
0.6862745098039216
0.7019607843137254
0.7215686274509804
0.6862745098039216
0.6823529411764706
0.6941176470588235
0.7098039215686274
0.6745098039215687
0.6666666666666667
0.7058823529411764
0.6823529411764706
0.6862745098039216
0.6980392156862745
0.6784313725490196
0.6588235294117647
0.6941176470588235
0.6784313725490196
0.6705882352941177
0.7019607843137254
0.7058823529411764
0.6627450980392157
0.6823529411764706
0.6784313725490196
0.6745098039215687
0.6745098039215687
0.6627450980392157
0.6666666666666667
0.6862745098039216
0.6666666666666667
0.6627450980392157
0.6823529411764706
0.6745098039215687
0.6745098039215687
0.6823529411764706
0.6901960784313725
0.6352941176470588
0.7019607843137254
0.7137254901960784
0.6784313725490196
0.6901960784313725
0.6941176470588235
0.7176470588235294
0.7176470588235294
0.7019607843137254
0.7137254901960784
0.7137254901960784
0.7019607843137254
0.6941176470588235
0.7176470588235294
0.7294117647058824
0.6980392156862745
0.7098039215686274
0.6941176470588235
0.7098039215686274
0.6980392156862745
0.6980392156862745
0.7215686274509804
0.6980392156862745
0.7333333333333334
0.7176470588235294
0.7019607843137254
0.6901960784313725
0.7294117647058824
0.6941176470588235
0.6862745098039216
0.6941176470588235
0.7098039215686274
0.6784313725490196
0.7058823529411764
0.7137254901960784
0.7176470588235294
0.7215686274509804
0.7294117647058824
0.6745098039215687
0.6823529411764706
0.7098039215686274
0.6823529411764706
0.7058823529411764
0.6980392156862745
0.6980392156862745
0.6784313725490196
0.6980392156862745
0.6745098039215687
0.6666666666666667
0.6431372549019607
0.6627450980392157
0.7058823529411764
0.7137254901960784
0.6705882352941177
0.6901960784313725
0.6862745098039216
0.6745098039215687
0.6509803921568628
0.6901960784313725
0.6627450980392157
0.7215686274509804
0.7254901960784313
0.6941176470588235
0.6901960784313725
0.6941176470588235
0.7019607843137254
0.6823529411764706
0.7098039215686274
0.6941176470588235
0.7294117647058824
0.7137254901960784
0.7019607843137254
0.7137254901960784
0.7098039215686274
0.7098039215686274
0.7137254901960784
0.7137254901960784
0.7176470588235294
0.7137254901960784
0.6862745098039216
0.7098039215686274
0.7176470588235294
0.6941176470588235
0.6784313725490196
0.7058823529411764
0.7372549019607844
0.7058823529411764
0.7294117647058824
0.7019607843137254
0.7215686274509804
0.7215686274509804
0.7215686274509804
0.7176470588235294
0.7215686274509804
0.6705882352941177
0.7098039215686274
0.6980392156862745
0.7058823529411764
0.33725490196078434
0.28627450980392155
0.2431372549019608
0.7176470588235294
0.7215686274509804
0.6784313725490196
0.7058823529411764
0.6862745098039216
0.6666666666666667
0.7058823529411764
0.6666666666666667
0.6941176470588235
0.6666666666666667
0.6862745098039216
0.7019607843137254
0.6470588235294117
0.6588235294117647
0.6666666666666667
0.6392156862745098
0.6745098039215687
0.6588235294117647
0.7333333333333334
0.7294117647058824
0.7254901960784313
0.7176470588235294
0.6901960784313725
0.7137254901960784
0.7019607843137254
0.7176470588235294
0.6980392156862745
0.7019607843137254
0.7254901960784313
0.7254901960784313
0.6823529411764706
0.7176470588235294
0.7254901960784313
0.6666666666666667
0.7176470588235294
0.6862745098039216
0.6862745098039216
0.6823529411764706
0.6823529411764706
0.7019607843137254
0.7098039215686274
0.7254901960784313
0.6784313725490196
0.7254901960784313
0.6784313725490196
0.6980392156862745
0.7215686274509804
0.7098039215686274
0.7019607843137254
0.6784313725490196
0.6705882352941177
0.6941176470588235
0.6941176470588235
0.7294117647058824
0.6745098039215687
0.7176470588235294
0.3176470588235294
0.3176470588235294
0.1686274509803921
0.44705882352941173
0.6549019607843137
0.6862745098039216
0.6941176470588235
0.6941176470588235
0.6352941176470588
0.6862745098039216
0.6862745098039216
0.6862745098039216
0.6862745098039216
0.6705882352941177
0.7058823529411764
0.6549019607843137
0.6705882352941177
0.6823529411764706
0.6745098039215687
0.6509803921568628
0.6549019607843137
0.6941176470588235
0.7372549019607844
0.7294117647058824
0.7137254901960784
0.7098039215686274
0.6901960784313725
0.7098039215686274
0.7333333333333334
0.7137254901960784
0.7058823529411764
0.6666666666666667
0.7215686274509804
0.7294117647058824
0.7215686274509804
0.6823529411764706
0.7137254901960784
0.6941176470588235
0.7137254901960784
0.6980392156862745
0.7058823529411764
0.6901960784313725
0.7294117647058824
0.7254901960784313
0.7450980392156863
0.6823529411764706
0.7215686274509804
0.7098039215686274
0.6705882352941177
0.7058823529411764
0.7019607843137254
0.6980392156862745
0.6666666666666667
0.6941176470588235
0.6862745098039216
0.7254901960784313
0.7137254901960784
0.6823529411764706
0.3058823529411765
0.27450980392156865
0.14901960784313728
0.09411764705882353
0.44705882352941173
0.5882352941176471
0.6627450980392157
0.6784313725490196
0.6666666666666667
0.6666666666666667
0.7098039215686274
0.6549019607843137
0.6941176470588235
0.7019607843137254
0.6823529411764706
0.7058823529411764
0.6823529411764706
0.6980392156862745
0.6549019607843137
0.6431372549019607
0.6666666666666667
0.6588235294117647
0.7058823529411764
0.7294117647058824
0.7333333333333334
0.7215686274509804
0.7294117647058824
0.6862745098039216
0.7058823529411764
0.7098039215686274
0.7058823529411764
0.7215686274509804
0.7215686274509804
0.7372549019607844
0.7450980392156863
0.7098039215686274
0.7019607843137254
0.6941176470588235
0.7058823529411764
0.6980392156862745
0.6823529411764706
0.6823529411764706
0.6941176470588235
0.6901960784313725
0.6901960784313725
0.7215686274509804
0.6941176470588235
0.7333333333333334
0.6941176470588235
0.7098039215686274
0.7019607843137254
0.7450980392156863
0.6980392156862745
0.7450980392156863
0.6980392156862745
0.7333333333333334
0.6901960784313725
0.6745098039215687
0.32156862745098036
0.2666666666666667
0.22352941176470587
0.14901960784313728
0.07450980392156858
0.4549019607843138
0.584313725490196
0.6509803921568628
0.6784313725490196
0.6745098039215687
0.6745098039215687
0.6784313725490196
0.6823529411764706
0.6313725490196078
0.6666666666666667
0.6745098039215687
0.7058823529411764
0.6627450980392157
0.6784313725490196
0.6705882352941177
0.6823529411764706
0.6901960784313725
0.7019607843137254
0.6980392156862745
0.7019607843137254
0.7137254901960784
0.6745098039215687
0.7372549019607844
0.7098039215686274
0.7098039215686274
0.6823529411764706
0.7294117647058824
0.7098039215686274
0.7215686274509804
0.7176470588235294
0.7176470588235294
0.7294117647058824
0.7019607843137254
0.7450980392156863
0.7215686274509804
0.7333333333333334
0.7254901960784313
0.6901960784313725
0.7137254901960784
0.7058823529411764
0.7254901960784313
0.7098039215686274
0.7372549019607844
0.7098039215686274
0.6941176470588235
0.6901960784313725
0.7098039215686274
0.6941176470588235
0.7215686274509804
0.6941176470588235
0.7058823529411764
0.7294117647058824
0.6784313725490196
0.3019607843137255
0.22352941176470587
0.23529411764705888
0.14901960784313728
0.06274509803921569
0.3529411764705882
0.48235294117647054
0.6
0.6784313725490196
0.6941176470588235
0.6941176470588235
0.6392156862745098
0.6784313725490196
0.6666666666666667
0.6980392156862745
0.6627450980392157
0.7019607843137254
0.6901960784313725
0.6980392156862745
0.7137254901960784
0.6823529411764706
0.6784313725490196
0.6980392156862745
0.6588235294117647
0.7058823529411764
0.7215686274509804
0.7176470588235294
0.7098039215686274
0.7294117647058824
0.7294117647058824
0.7176470588235294
0.6862745098039216
0.7176470588235294
0.7019607843137254
0.7215686274509804
0.7294117647058824
0.7176470588235294
0.7019607843137254
0.7254901960784313
0.2588235294117647
0.2941176470588235
0.2588235294117647
0.7176470588235294
0.7176470588235294
0.6901960784313725
0.7098039215686274
0.6941176470588235
0.6862745098039216
0.6862745098039216
0.6823529411764706
0.6980392156862745
0.6941176470588235
0.6745098039215687
0.7058823529411764
0.6901960784313725
0.7137254901960784
0.7215686274509804
0.7098039215686274
0.5490196078431373
0.29803921568627456
0.28627450980392155
0.19215686274509802
0.0862745098039216
0.2588235294117647
0.48235294117647054
0.603921568627451
0.6196078431372549
0.6784313725490196
0.7058823529411764
0.7019607843137254
0.6666666666666667
0.6666666666666667
0.6666666666666667
0.6862745098039216
0.7176470588235294
0.6901960784313725
0.7019607843137254
0.6941176470588235
0.7058823529411764
0.6980392156862745
0.6941176470588235
0.6784313725490196
0.6745098039215687
0.7019607843137254
0.7215686274509804
0.6901960784313725
0.6823529411764706
0.7137254901960784
0.7098039215686274
0.7137254901960784
0.7098039215686274
0.7137254901960784
0.7176470588235294
0.7058823529411764
0.6784313725490196
0.7058823529411764
0.7137254901960784
0.7294117647058824
0.2431372549019608
0.3294117647058824
0.30980392156862746
0.23921568627450984
0.7450980392156863
0.7019607843137254
0.6980392156862745
0.6980392156862745
0.6980392156862745
0.7176470588235294
0.7058823529411764
0.7058823529411764
0.7333333333333334
0.6980392156862745
0.7019607843137254
0.7137254901960784
0.7215686274509804
0.7137254901960784
0.6980392156862745
0.3647058823529412
0.27450980392156865
0.18039215686274512
0.12941176470588234
0.1333333333333333
0.41960784313725485
0.4901960784313726
0.615686274509804
0.6431372549019607
0.6549019607843137
0.6823529411764706
0.6666666666666667
0.6901960784313725
0.6705882352941177
0.6862745098039216
0.7254901960784313
0.6823529411764706
0.6705882352941177
0.6901960784313725
0.6823529411764706
0.7019607843137254
0.6980392156862745
0.7098039215686274
0.6862745098039216
0.6862745098039216
0.7137254901960784
0.6941176470588235
0.6862745098039216
0.6941176470588235
0.7215686274509804
0.7019607843137254
0.6941176470588235
0.7176470588235294
0.6980392156862745
0.6941176470588235
0.6941176470588235
0.7176470588235294
0.6745098039215687
0.7058823529411764
0.6823529411764706
0.607843137254902
0.27450980392156865
0.29803921568627456
0.2705882352941177
0.2431372549019608
0.7372549019607844
0.6588235294117647
0.7019607843137254
0.7058823529411764
0.6901960784313725
0.7098039215686274
0.7019607843137254
0.7254901960784313
0.7137254901960784
0.6941176470588235
0.7215686274509804
0.7137254901960784
0.7098039215686274
0.32156862745098036
0.2823529411764706
0.20392156862745103
0.1686274509803921
0.0980392156862745
0.3254901960784313
0.5176470588235293
0.603921568627451
0.6392156862745098
0.6784313725490196
0.6549019607843137
0.6823529411764706
0.6745098039215687
0.7019607843137254
0.7215686274509804
0.7176470588235294
0.6745098039215687
0.3254901960784313
0.2431372549019608
0.6745098039215687
0.6745098039215687
0.6588235294117647
0.6823529411764706
0.7058823529411764
0.6862745098039216
0.6549019607843137
0.7058823529411764
0.7176470588235294
0.7215686274509804
0.7058823529411764
0.7058823529411764
0.6901960784313725
0.6862745098039216
0.7058823529411764
0.7137254901960784
0.7176470588235294
0.6745098039215687
0.6980392156862745
0.6784313725490196
0.6941176470588235
0.5882352941176471
0.4666666666666667
0.21568627450980393
0.3058823529411765
0.3019607843137255
0.2823529411764706
0.38431372549019605
0.6392156862745098
0.6705882352941177
0.6980392156862745
0.6627450980392157
0.7215686274509804
0.7294117647058824
0.7254901960784313
0.7254901960784313
0.7137254901960784
0.7098039215686274
0.6941176470588235
0.28627450980392155
0.33725490196078434
0.2313725490196078
0.19999999999999996
0.13725490196078427
0.2901960784313725
0.4549019607843138
0.5490196078431373
0.615686274509804
0.6549019607843137
0.6823529411764706
0.6901960784313725
0.6941176470588235
0.6509803921568628
0.6980392156862745
0.7176470588235294
0.6313725490196078
0.28627450980392155
0.29803921568627456
0.25098039215686274
0.18039215686274512
0.6705882352941177
0.6745098039215687
0.6509803921568628
0.6862745098039216
0.6627450980392157
0.6980392156862745
0.6980392156862745
0.6941176470588235
0.7019607843137254
0.6823529411764706
0.6784313725490196
0.6901960784313725
0.6980392156862745
0.7019607843137254
0.7019607843137254
0.7019607843137254
0.7019607843137254
0.6862745098039216
0.6941176470588235
0.7176470588235294
0.611764705882353
0.5372549019607843
0.33333333333333337
0.2549019607843137
0.37254901960784315
0.23921568627450984
0.1725490196078432
0.596078431372549
0.6392156862745098
0.6627450980392157
0.6666666666666667
0.6745098039215687
0.6823529411764706
0.6784313725490196
0.7215686274509804
0.7058823529411764
0.7372549019607844
0.7686274509803921
0.37254901960784315
0.25098039215686274
0.21568627450980393
0.1098039215686275
0.10588235294117643
0.41960784313725485
0.5294117647058824
0.584313725490196
0.6509803921568628
0.6313725490196078
0.6823529411764706
0.7019607843137254
0.6862745098039216
0.6901960784313725
0.7529411764705882
0.2784313725490196
0.30980392156862746
0.26274509803921564
0.18823529411764706
0.1098039215686275
0.10588235294117643
0.580392156862745
0.6509803921568628
0.6627450980392157
0.6666666666666667
0.7254901960784313
0.6941176470588235
0.7019607843137254
0.7019607843137254
0.7215686274509804
0.7137254901960784
0.7254901960784313
0.6980392156862745
0.6901960784313725
0.6980392156862745
0.6862745098039216
0.6784313725490196
0.7058823529411764
0.6823529411764706
0.6901960784313725
0.6941176470588235
0.6470588235294117
0.592156862745098
0.45882352941176474
0.196078431372549
0.3254901960784313
0.2588235294117647
0.1725490196078432
0.584313725490196
0.615686274509804
0.6509803921568628
0.6431372549019607
0.6705882352941177
0.6901960784313725
0.7058823529411764
0.7294117647058824
0.7137254901960784
0.6901960784313725
0.34901960784313724
0.34901960784313724
0.2196078431372549
0.22745098039215683
0.10196078431372546
0.2823529411764706
0.4666666666666667
0.5725490196078431
0.6666666666666667
0.6745098039215687
0.6823529411764706
0.6862745098039216
0.6862745098039216
0.7019607843137254
0.32156862745098036
0.2588235294117647
0.32156862745098036
0.2705882352941177
0.22745098039215683
0.07058823529411762
0.07843137254901966
0.207843137254902
0.5294117647058824
0.6274509803921569
0.6823529411764706
0.6627450980392157
0.6823529411764706
0.6745098039215687
0.6862745098039216
0.6745098039215687
0.6980392156862745
0.7098039215686274
0.7137254901960784
0.7215686274509804
0.6862745098039216
0.7019607843137254
0.6745098039215687
0.7137254901960784
0.6862745098039216
0.7098039215686274
0.6980392156862745
0.7215686274509804
0.6627450980392157
0.6196078431372549
0.5019607843137255
0.18823529411764706
0.3411764705882353
0.22745098039215683
0.14901960784313728
0.5137254901960784
0.5725490196078431
0.6509803921568628
0.6352941176470588
0.6823529411764706
0.7019607843137254
0.7058823529411764
0.7137254901960784
0.7058823529411764
0.23529411764705888
0.35686274509803917
0.3058823529411765
0.2823529411764706
0.196078431372549
0.1686274509803921
0.4274509803921569
0.49411764705882355
0.607843137254902
0.6196078431372549
0.6588235294117647
0.7215686274509804
0.6980392156862745
0.7019607843137254
0.36078431372549025
0.3254901960784313
0.2784313725490196
0.15294117647058825
0.10196078431372546
0.05490196078431375
0.06274509803921569
0.25098039215686274
0.388235294117647
0.5372549019607843
0.603921568627451
0.6274509803921569
0.6588235294117647
0.6823529411764706
0.6588235294117647
0.6901960784313725
0.6941176470588235
0.6980392156862745
0.7019607843137254
0.6784313725490196
0.6784313725490196
0.6823529411764706
0.6862745098039216
0.7098039215686274
0.7019607843137254
0.7098039215686274
0.6745098039215687
0.6862745098039216
0.7137254901960784
0.7058823529411764
0.6784313725490196
0.5372549019607843
0.22745098039215683
0.33725490196078434
0.2588235294117647
0.17647058823529416
0.4784313725490196
0.5411764705882354
0.6313725490196078
0.6235294117647059
0.6549019607843137
0.6666666666666667
0.6901960784313725
0.6705882352941177
0.7843137254901961
0.37254901960784315
0.3137254901960784
0.28627450980392155
0.2705882352941177
0.1098039215686275
0.34901960784313724
0.5137254901960784
0.607843137254902
0.6352941176470588
0.7019607843137254
0.6784313725490196
0.7176470588235294
0.32156862745098036
0.32156862745098036
0.3254901960784313
0.22745098039215683
0.207843137254902
0.09411764705882353
0.050980392156862786
0.14117647058823535
0.30980392156862746
0.34509803921568627
0.5372549019607843
0.607843137254902
0.615686274509804
0.6666666666666667
0.6745098039215687
0.7019607843137254
0.6509803921568628
0.6980392156862745
0.6980392156862745
0.7137254901960784
0.7176470588235294
0.6862745098039216
0.7019607843137254
0.7058823529411764
0.6901960784313725
0.6705882352941177
0.6705882352941177
0.6784313725490196
0.6862745098039216
0.6901960784313725
0.6784313725490196
0.6862745098039216
0.6588235294117647
0.45882352941176474
0.28627450980392155
0.32156862745098036
0.3137254901960784
0.21176470588235297
0.4549019607843138
0.5490196078431373
0.584313725490196
0.6274509803921569
0.6352941176470588
0.6431372549019607
0.6666666666666667
0.7372549019607844
0.29803921568627456
0.23921568627450984
0.207843137254902
0.25098039215686274
0.29803921568627456
0.12549019607843137
0.403921568627451
0.5647058823529412
0.615686274509804
0.6196078431372549
0.6941176470588235
0.2941176470588235
0.3137254901960784
0.2784313725490196
0.2823529411764706
0.22745098039215683
0.1843137254901961
0.039215686274509776
0.05490196078431375
0.22352941176470587
0.38431372549019605
0.4509803921568627
0.5450980392156863
0.5882352941176471
0.6549019607843137
0.6901960784313725
0.6666666666666667
0.6862745098039216
0.6823529411764706
0.6745098039215687
0.6745098039215687
0.6901960784313725
0.6941176470588235
0.6627450980392157
0.6901960784313725
0.7372549019607844
0.7019607843137254
0.6862745098039216
0.7019607843137254
0.6745098039215687
0.7098039215686274
0.6784313725490196
0.7098039215686274
0.6745098039215687
0.6941176470588235
0.6392156862745098
0.4784313725490196
0.3137254901960784
0.2901960784313725
0.2823529411764706
0.21568627450980393
0.4862745098039216
0.5098039215686274
0.5411764705882354
0.5882352941176471
0.6352941176470588
0.615686274509804
0.611764705882353
0.34901960784313724
0.32156862745098036
0.3058823529411765
0.2901960784313725
0.28627450980392155
0.2666666666666667
0.2941176470588235
0.4666666666666667
0.5490196078431373
0.611764705882353
0.6745098039215687
0.34901960784313724
0.33725490196078434
0.2431372549019608
0.207843137254902
0.21176470588235297
0.0862745098039216
0.05882352941176472
0.12941176470588234
0.2666666666666667
0.33333333333333337
0.44705882352941173
0.5607843137254902
0.611764705882353
0.6431372549019607
0.6705882352941177
0.6901960784313725
0.7019607843137254
0.6666666666666667
0.6705882352941177
0.6705882352941177
0.6823529411764706
0.6509803921568628
0.6823529411764706
0.6784313725490196
0.6862745098039216
0.6745098039215687
0.6901960784313725
0.7254901960784313
0.6627450980392157
0.6862745098039216
0.6901960784313725
0.7137254901960784
0.6745098039215687
0.6941176470588235
0.6823529411764706
0.7019607843137254
0.2588235294117647
0.3137254901960784
0.3137254901960784
0.2823529411764706
0.19215686274509802
0.2431372549019608
0.5137254901960784
0.5333333333333333
0.584313725490196
0.6196078431372549
0.3647058823529412
0.3294117647058824
0.4
0.3254901960784313
0.2784313725490196
0.2784313725490196
0.26274509803921564
0.3137254901960784
0.3176470588235294
0.4745098039215686
0.5490196078431373
0.3529411764705882
0.3803921568627451
0.3294117647058824
0.28627450980392155
0.23921568627450984
0.05882352941176472
0.039215686274509776
0.06274509803921569
0.17647058823529416
0.3176470588235294
0.3921568627450981
0.5098039215686274
0.5882352941176471
0.615686274509804
0.6862745098039216
0.7098039215686274
0.5019607843137255
0.40784313725490196
0.6784313725490196
0.7019607843137254
0.6745098039215687
0.6823529411764706
0.6941176470588235
0.7058823529411764
0.7137254901960784
0.6941176470588235
0.7058823529411764
0.7098039215686274
0.7176470588235294
0.7215686274509804
0.7098039215686274
0.6901960784313725
0.7176470588235294
0.7019607843137254
0.6627450980392157
0.6784313725490196
0.6862745098039216
0.6431372549019607
0.2588235294117647
0.34509803921568627
0.32156862745098036
0.2901960784313725
0.23529411764705888
0.32156862745098036
0.4862745098039216
0.5019607843137255
0.584313725490196
0.3058823529411765
0.3176470588235294
0.3803921568627451
0.3294117647058824
0.29803921568627456
0.3137254901960784
0.25098039215686274
0.3058823529411765
0.28627450980392155
0.29803921568627456
0.32156862745098036
0.33725490196078434
0.3137254901960784
0.27450980392156865
0.21568627450980393
0.19215686274509802
0.13725490196078427
0.0117647058823529
0.07843137254901966
0.26274509803921564
0.34901960784313724
0.47058823529411764
0.5058823529411764
0.6431372549019607
0.6705882352941177
0.7254901960784313
0.2549019607843137
0.28627450980392155
0.3176470588235294
0.2666666666666667
0.1843137254901961
0.6823529411764706
0.6823529411764706
0.6509803921568628
0.6862745098039216
0.6666666666666667
0.7098039215686274
0.6980392156862745
0.7176470588235294
0.7019607843137254
0.7372549019607844
0.7176470588235294
0.6862745098039216
0.6980392156862745
0.6980392156862745
0.6784313725490196
0.7058823529411764
0.6627450980392157
0.6705882352941177
0.6549019607843137
0.2705882352941177
0.2941176470588235
0.33333333333333337
0.3058823529411765
0.2823529411764706
0.34901960784313724
0.4392156862745098
0.3176470588235294
0.30980392156862746
0.37254901960784315
0.37254901960784315
0.3019607843137255
0.33725490196078434
0.26274509803921564
0.23529411764705888
0.2666666666666667
0.3254901960784313
0.3058823529411765
0.2784313725490196
0.3058823529411765
0.23529411764705888
0.2823529411764706
0.2196078431372549
0.12549019607843137
0.007843137254901933
0.04705882352941182
0.0862745098039216
0.3254901960784313
0.388235294117647
0.4745098039215686
0.603921568627451
0.6235294117647059
0.32156862745098036
0.29803921568627456
0.29803921568627456
0.29803921568627456
0.23529411764705888
0.1843137254901961
0.1686274509803921
0.1333333333333333
0.5490196078431373
0.6274509803921569
0.6588235294117647
0.6627450980392157
0.6588235294117647
0.7058823529411764
0.7058823529411764
0.7058823529411764
0.6862745098039216
0.7019607843137254
0.7137254901960784
0.6784313725490196
0.6784313725490196
0.6705882352941177
0.7215686274509804
0.6745098039215687
0.6784313725490196
0.6784313725490196
0.23529411764705888
0.30980392156862746
0.3411764705882353
0.3254901960784313
0.23921568627450984
0.23921568627450984
0.3529411764705882
0.2705882352941177
0.40784313725490196
0.4117647058823529
0.3411764705882353
0.3411764705882353
0.2431372549019608
0.34509803921568627
0.2784313725490196
0.23529411764705888
0.27450980392156865
0.3254901960784313
0.3058823529411765
0.3058823529411765
0.3058823529411765
0.33333333333333337
0.1725490196078432
0.02352941176470591
0.0
0.04705882352941182
0.21176470588235297
0.34509803921568627
0.3254901960784313
0.2549019607843137
0.32156862745098036
0.34509803921568627
0.3294117647058824
0.3294117647058824
0.23529411764705888
0.2431372549019608
0.15294117647058825
0.0862745098039216
0.06666666666666665
0.10588235294117643
0.21176470588235297
0.5764705882352941
0.6431372549019607
0.6666666666666667
0.7137254901960784
0.7254901960784313
0.7019607843137254
0.7019607843137254
0.7019607843137254
0.6941176470588235
0.6941176470588235
0.6823529411764706
0.7058823529411764
0.7137254901960784
0.6980392156862745
0.6784313725490196
0.7058823529411764
0.6941176470588235
0.6627450980392157
0.2823529411764706
0.2941176470588235
0.3921568627450981
0.3803921568627451
0.29803921568627456
0.3019607843137255
0.33725490196078434
0.3176470588235294
0.3647058823529412
0.388235294117647
0.3411764705882353
0.3019607843137255
0.2823529411764706
0.2588235294117647
0.2784313725490196
0.28627450980392155
0.27450980392156865
0.3411764705882353
0.33725490196078434
0.3137254901960784
0.30980392156862746
0.3019607843137255
0.3686274509803922
0.0
0.1843137254901961
0.2705882352941177
0.2705882352941177
0.3137254901960784
0.2705882352941177
0.2823529411764706
0.30980392156862746
0.2941176470588235
0.2549019607843137
0.1725490196078432
0.1098039215686275
0.04313725490196074
0.06666666666666665
0.04313725490196074
0.12549019607843137
0.196078431372549
0.3921568627450981
0.5882352941176471
0.615686274509804
0.615686274509804
0.6549019607843137
0.7019607843137254
0.6901960784313725
0.7058823529411764
0.6980392156862745
0.6823529411764706
0.7058823529411764
0.6980392156862745
0.6705882352941177
0.6941176470588235
0.7058823529411764
0.7019607843137254
0.6901960784313725
0.6509803921568628
0.6823529411764706
0.2784313725490196
0.38431372549019605
0.38431372549019605
0.3686274509803922
0.33333333333333337
0.3058823529411765
0.3294117647058824
0.2941176470588235
0.34509803921568627
0.3176470588235294
0.2901960784313725
0.2941176470588235
0.22352941176470587
0.22352941176470587
0.2549019607843137
0.30980392156862746
0.26274509803921564
0.3019607843137255
0.2823529411764706
0.2784313725490196
0.32156862745098036
0.30980392156862746
0.3176470588235294
0.3411764705882353
0.34509803921568627
0.30980392156862746
0.27450980392156865
0.2666666666666667
0.22745098039215683
0.23529411764705888
0.207843137254902
0.10196078431372546
0.0862745098039216
0.05882352941176472
0.04705882352941182
0.12941176470588234
0.196078431372549
0.2941176470588235
0.36078431372549025
0.36078431372549025
0.4784313725490196
0.603921568627451
0.6392156862745098
0.6588235294117647
0.6627450980392157
0.6784313725490196
0.6862745098039216
0.7019607843137254
0.7019607843137254
0.7294117647058824
0.7058823529411764
0.7058823529411764
0.7333333333333334
0.6862745098039216
0.7098039215686274
0.7019607843137254
0.7019607843137254
0.6862745098039216
0.6705882352941177
0.2941176470588235
0.3254901960784313
0.4
0.39607843137254906
0.33333333333333337
0.3137254901960784
0.2705882352941177
0.3019607843137255
0.2823529411764706
0.30980392156862746
0.3058823529411765
0.28627450980392155
0.1568627450980392
0.2196078431372549
0.3294117647058824
0.3137254901960784
0.2705882352941177
0.3254901960784313
0.3019607843137255
0.3254901960784313
0.3411764705882353
0.3058823529411765
0.30980392156862746
0.1725490196078432
0.22352941176470587
0.26274509803921564
0.27450980392156865
0.2588235294117647
0.2196078431372549
0.1098039215686275
0.050980392156862786
0.07058823529411762
0.10588235294117643
0.16078431372549018
0.2823529411764706
0.3137254901960784
0.33333333333333337
0.4392156862745098
0.5529411764705883
0.580392156862745
0.6627450980392157
0.6980392156862745
0.6980392156862745
0.6862745098039216
0.7058823529411764
0.6745098039215687
0.6901960784313725
0.6980392156862745
0.7215686274509804
0.6901960784313725
0.6823529411764706
0.6941176470588235
0.7215686274509804
0.6784313725490196
0.6823529411764706
0.6705882352941177
0.6980392156862745
0.6784313725490196
0.2549019607843137
0.34901960784313724
0.403921568627451
0.32156862745098036
0.3294117647058824
0.3294117647058824
0.29803921568627456
0.2901960784313725
0.2784313725490196
0.30980392156862746
0.2901960784313725
0.2784313725490196
0.23529411764705888
0.23921568627450984
0.3058823529411765
0.3176470588235294
0.3137254901960784
0.26274509803921564
0.2941176470588235
0.30980392156862746
0.3019607843137255
0.33333333333333337
0.3058823529411765
0.2666666666666667
0.19999999999999996
0.23529411764705888
0.21568627450980393
0.17647058823529416
0.09411764705882353
0.06666666666666665
0.027450980392156876
0.07058823529411762
0.22352941176470587
0.3137254901960784
0.35686274509803917
0.3921568627450981
0.5098039215686274
0.5215686274509803
0.6470588235294117
0.6745098039215687
0.6705882352941177
0.7058823529411764
0.6784313725490196
0.6431372549019607
0.6705882352941177
0.6627450980392157
0.6941176470588235
0.6901960784313725
0.7137254901960784
0.6980392156862745
0.6980392156862745
0.7019607843137254
0.6666666666666667
0.7058823529411764
0.7019607843137254
0.6823529411764706
0.6862745098039216
0.6862745098039216
0.6666666666666667
0.2941176470588235
0.3137254901960784
0.3529411764705882
0.30980392156862746
0.30980392156862746
0.2941176470588235
0.27450980392156865
0.24705882352941178
0.2901960784313725
0.2784313725490196
0.2901960784313725
0.27450980392156865
0.21568627450980393
0.27450980392156865
0.29803921568627456
0.3176470588235294
0.3294117647058824
0.33333333333333337
0.39607843137254906
0.3686274509803922
0.3803921568627451
0.3686274509803922
0.30980392156862746
0.22352941176470587
0.19215686274509802
0.14901960784313728
0.015686274509803977
0.06666666666666665
0.07450980392156858
0.16078431372549018
0.2313725490196078
0.3254901960784313
0.3921568627450981
0.44705882352941173
0.5411764705882354
0.6352941176470588
0.611764705882353
0.6470588235294117
0.6901960784313725
0.6980392156862745
0.7019607843137254
0.6627450980392157
0.6784313725490196
0.6784313725490196
0.6862745098039216
0.6901960784313725
0.6941176470588235
0.6862745098039216
0.7019607843137254
0.6705882352941177
0.6862745098039216
0.6941176470588235
0.7019607843137254
0.6862745098039216
0.6941176470588235
0.6862745098039216
0.6745098039215687
0.6823529411764706
0.6509803921568628
0.27450980392156865
0.3019607843137255
0.3764705882352941
0.3529411764705882
0.34509803921568627
0.2901960784313725
0.2784313725490196
0.23529411764705888
0.2588235294117647
0.2588235294117647
0.2823529411764706
0.23921568627450984
0.19999999999999996
0.32156862745098036
0.30980392156862746
0.25098039215686274
0.3647058823529412
0.34901960784313724
0.3921568627450981
0.36078431372549025
0.3529411764705882
0.3529411764705882
0.3137254901960784
0.2588235294117647
0.2588235294117647
0.0117647058823529
0.027450980392156876
0.20392156862745103
0.2823529411764706
0.3058823529411765
0.3647058823529412
0.4274509803921569
0.5686274509803921
0.6
0.6745098039215687
0.6509803921568628
0.6509803921568628
0.7098039215686274
0.6941176470588235
0.6666666666666667
0.6666666666666667
0.6784313725490196
0.6784313725490196
0.6784313725490196
0.6745098039215687
0.6941176470588235
0.6823529411764706
0.7019607843137254
0.7019607843137254
0.6745098039215687
0.6784313725490196
0.7019607843137254
0.6980392156862745
0.6901960784313725
0.6980392156862745
0.6901960784313725
0.7137254901960784
0.6666666666666667
0.3803921568627451
0.27450980392156865
0.3058823529411765
0.33725490196078434
0.3411764705882353
0.3019607843137255
0.2666666666666667
0.2705882352941177
0.2549019607843137
0.2196078431372549
0.26274509803921564
0.2666666666666667
0.2705882352941177
0.2823529411764706
0.3294117647058824
0.3137254901960784
0.23921568627450984
0.3411764705882353
0.38431372549019605
0.37254901960784315
0.3647058823529412
0.36078431372549025
0.35686274509803917
0.32156862745098036
0.27450980392156865
0.28627450980392155
0.18039215686274512
0.2901960784313725
0.33333333333333337
0.36078431372549025
0.403921568627451
0.5019607843137255
0.615686274509804
0.615686274509804
0.7019607843137254
0.6823529411764706
0.7176470588235294
0.7215686274509804
0.7098039215686274
0.6745098039215687
0.7098039215686274
0.7058823529411764
0.6784313725490196
0.6862745098039216
0.7098039215686274
0.6509803921568628
0.6862745098039216
0.7058823529411764
0.6941176470588235
0.6784313725490196
0.6784313725490196
0.6745098039215687
0.6980392156862745
0.6705882352941177
0.6823529411764706
0.6901960784313725
0.7019607843137254
0.6862745098039216
0.6549019607843137
0.207843137254902
0.29803921568627456
0.2784313725490196
0.28627450980392155
0.2784313725490196
0.2588235294117647
0.2784313725490196
0.23921568627450984
0.2313725490196078
0.17647058823529416
0.21176470588235297
0.2705882352941177
0.2196078431372549
0.32156862745098036
0.34509803921568627
0.35686274509803917
0.3254901960784313
0.403921568627451
0.4156862745098039
0.4156862745098039
0.4862745098039216
0.41960784313725485
0.3176470588235294
0.3137254901960784
0.3019607843137255
0.19999999999999996
0.2823529411764706
0.2941176470588235
0.4627450980392157
0.4901960784313726
0.596078431372549
0.6862745098039216
0.6941176470588235
0.6980392156862745
0.6784313725490196
0.6784313725490196
0.6901960784313725
0.6941176470588235
0.6862745098039216
0.6941176470588235
0.6784313725490196
0.6862745098039216
0.7176470588235294
0.6666666666666667
0.7058823529411764
0.6823529411764706
0.6745098039215687
0.6666666666666667
0.7176470588235294
0.6862745098039216
0.6980392156862745
0.7098039215686274
0.6627450980392157
0.6745098039215687
0.6901960784313725
0.7058823529411764
0.6823529411764706
0.6588235294117647
0.6392156862745098
0.196078431372549
0.23921568627450984
0.27450980392156865
0.23921568627450984
0.2666666666666667
0.2784313725490196
0.2431372549019608
0.23921568627450984
0.2196078431372549
0.1843137254901961
0.23529411764705888
0.3019607843137255
0.3137254901960784
0.3529411764705882
0.3529411764705882
0.41960784313725485
0.37254901960784315
0.4509803921568627
0.4509803921568627
0.4
0.4117647058823529
0.4274509803921569
0.3921568627450981
0.3019607843137255
0.24705882352941178
0.14117647058823535
0.2313725490196078
0.23921568627450984
0.2549019607843137
0.2901960784313725
0.1725490196078432
0.2941176470588235
0.33725490196078434
0.40784313725490196
0.2784313725490196
0.23921568627450984
0.2666666666666667
0.26274509803921564
0.3019607843137255
0.22745098039215683
0.6705882352941177
0.6823529411764706
0.6823529411764706
0.6823529411764706
0.7176470588235294
0.6862745098039216
0.6549019607843137
0.6627450980392157
0.6627450980392157
0.6862745098039216
0.6705882352941177
0.7019607843137254
0.6470588235294117
0.6941176470588235
0.6823529411764706
0.7019607843137254
0.6862745098039216
0.6470588235294117
0.6862745098039216
0.1843137254901961
0.18039215686274512
0.2313725490196078
0.26274509803921564
0.2431372549019608
0.2588235294117647
0.2549019607843137
0.23529411764705888
0.19999999999999996
0.18039215686274512
0.27450980392156865
0.34509803921568627
0.36078431372549025
0.3686274509803922
0.38431372549019605
0.4392156862745098
0.403921568627451
0.4117647058823529
0.4392156862745098
0.40784313725490196
0.4117647058823529
0.3921568627450981
0.3529411764705882
0.2901960784313725
0.23921568627450984
0.20392156862745103
0.21568627450980393
0.24705882352941178
0.22745098039215683
0.2588235294117647
0.3058823529411765
0.2823529411764706
0.2941176470588235
0.23529411764705888
0.3137254901960784
0.26274509803921564
0.18039215686274512
0.23529411764705888
0.18823529411764706
0.1843137254901961
0.5882352941176471
0.6549019607843137
0.7098039215686274
0.7019607843137254
0.6627450980392157
0.6823529411764706
0.6705882352941177
0.7019607843137254
0.6901960784313725
0.6941176470588235
0.6901960784313725
0.6745098039215687
0.6705882352941177
0.6666666666666667
0.6784313725490196
0.6745098039215687
0.6980392156862745
0.6901960784313725
0.6823529411764706
0.1098039215686275
0.17647058823529416
0.18823529411764706
0.25098039215686274
0.24705882352941178
0.19999999999999996
0.23529411764705888
0.2313725490196078
0.21176470588235297
0.22745098039215683
0.3176470588235294
0.37254901960784315
0.39607843137254906
0.35686274509803917
0.39607843137254906
0.3921568627450981
0.43137254901960786
0.4274509803921569
0.4745098039215686
0.43137254901960786
0.3921568627450981
0.2431372549019608
0.21568627450980393
0.18039215686274512
0.12941176470588234
0.15294117647058825
0.10196078431372546
0.16470588235294115
0.1686274509803921
0.10588235294117643
0.16078431372549018
0.19215686274509802
0.1333333333333333
0.12549019607843137
0.10196078431372546
0.1098039215686275
0.039215686274509776
0.09019607843137256
0.11764705882352944
0.1215686274509804
0.5137254901960784
0.6352941176470588
0.6705882352941177
0.6980392156862745
0.7019607843137254
0.7137254901960784
0.6980392156862745
0.6862745098039216
0.6862745098039216
0.7058823529411764
0.7058823529411764
0.7098039215686274
0.6784313725490196
0.6745098039215687
0.6705882352941177
0.7019607843137254
0.7019607843137254
0.6705882352941177
0.18823529411764706
0.16470588235294115
0.12549019607843137
0.16470588235294115
0.18039215686274512
0.22352941176470587
0.21568627450980393
0.23921568627450984
0.23921568627450984
0.19215686274509802
0.25098039215686274
0.32156862745098036
0.4156862745098039
0.38431372549019605
0.42352941176470593
0.44705882352941173
0.4784313725490196
0.41960784313725485
0.3921568627450981
0.3803921568627451
0.4
0.3176470588235294
0.1843137254901961
0.13725490196078427
0.08235294117647063
0.07450980392156858
0.06666666666666665
0.09411764705882353
0.07450980392156858
0.05490196078431375
0.03529411764705881
0.07450980392156858
0.07058823529411762
0.07058823529411762
0.04313725490196074
0.05882352941176472
0.07450980392156858
0.1333333333333333
0.19999999999999996
0.2784313725490196
0.3803921568627451
0.584313725490196
0.6627450980392157
0.6784313725490196
0.7137254901960784
0.7019607843137254
0.6823529411764706
0.6705882352941177
0.6705882352941177
0.6941176470588235
0.7254901960784313
0.6705882352941177
0.6784313725490196
0.7058823529411764
0.6941176470588235
0.7176470588235294
0.6941176470588235
0.6941176470588235
0.5568627450980392
0.16470588235294115
0.14117647058823535
0.14509803921568631
0.1686274509803921
0.207843137254902
0.19999999999999996
0.196078431372549
0.23921568627450984
0.23529411764705888
0.26274509803921564
0.2941176470588235
0.38431372549019605
0.38431372549019605
0.403921568627451
0.4117647058823529
0.4627450980392157
0.4117647058823529
0.3803921568627451
0.36078431372549025
0.29803921568627456
0.2549019607843137
0.1725490196078432
0.13725490196078427
0.0862745098039216
0.03137254901960784
0.050980392156862786
0.0862745098039216
0.07450980392156858
0.16078431372549018
0.19999999999999996
0.24705882352941178
0.2313725490196078
0.2784313725490196
0.32156862745098036
0.33333333333333337
0.35686274509803917
0.3921568627450981
0.4117647058823529
0.3764705882352941
0.4627450980392157
0.4901960784313726
0.6509803921568628
0.6823529411764706
0.6705882352941177
0.6901960784313725
0.7058823529411764
0.6823529411764706
0.6745098039215687
0.6705882352941177
0.6862745098039216
0.7019607843137254
0.7019607843137254
0.7058823529411764
0.6941176470588235
0.6980392156862745
0.7019607843137254
0.6745098039215687
0.7019607843137254
0.22352941176470587
0.196078431372549
0.1725490196078432
0.22745098039215683
0.2313725490196078
0.16078431372549018
0.17647058823529416
0.1843137254901961
0.21568627450980393
0.23921568627450984
0.2431372549019608
0.32156862745098036
0.35686274509803917
0.42352941176470593
0.39607843137254906
0.42352941176470593
0.4156862745098039
0.38431372549019605
0.37254901960784315
0.29803921568627456
0.23921568627450984
0.1725490196078432
0.1098039215686275
0.0039215686274509665
0.050980392156862786
0.11372549019607847
0.18039215686274512
0.19999999999999996
0.23529411764705888
0.29803921568627456
0.3254901960784313
0.3411764705882353
0.38431372549019605
0.33725490196078434
0.4392156862745098
0.5725490196078431
0.6666666666666667
0.7372549019607844
0.6862745098039216
0.6784313725490196
0.6588235294117647
0.7137254901960784
0.6745098039215687
0.6901960784313725
0.7019607843137254
0.6901960784313725
0.7058823529411764
0.6823529411764706
0.6666666666666667
0.6941176470588235
0.6980392156862745
0.6784313725490196
0.7058823529411764
0.7019607843137254
0.7098039215686274
0.6980392156862745
0.6980392156862745
0.6352941176470588
0.15294117647058825
0.207843137254902
0.19215686274509802
0.2196078431372549
0.21568627450980393
0.196078431372549
0.17647058823529416
0.12941176470588234
0.14901960784313728
0.16078431372549018
0.207843137254902
0.3294117647058824
0.3647058823529412
0.3764705882352941
0.3411764705882353
0.38431372549019605
0.3686274509803922
0.4
0.33725490196078434
0.29803921568627456
0.25098039215686274
0.16078431372549018
0.10588235294117643
0.07450980392156858
0.0980392156862745
0.14117647058823535
0.23921568627450984
0.2823529411764706
0.3294117647058824
0.3254901960784313
0.4274509803921569
0.47058823529411764
0.6235294117647059
0.6
0.6509803921568628
0.6588235294117647
0.6862745098039216
0.6862745098039216
0.6862745098039216
0.7254901960784313
0.6745098039215687
0.6745098039215687
0.6823529411764706
0.6901960784313725
0.7176470588235294
0.7058823529411764
0.6784313725490196
0.6666666666666667
0.6549019607843137
0.6705882352941177
0.6784313725490196
0.6980392156862745
0.6823529411764706
0.7058823529411764
0.6784313725490196
0.6980392156862745
0.6862745098039216
0.6823529411764706
0.4862745098039216
0.18039215686274512
0.2196078431372549
0.21568627450980393
0.19999999999999996
0.22352941176470587
0.16470588235294115
0.14509803921568631
0.1215686274509804
0.14117647058823535
0.19215686274509802
0.24705882352941178
0.3294117647058824
0.3176470588235294
0.33333333333333337
0.33333333333333337
0.34901960784313724
0.3058823529411765
0.32156862745098036
0.2196078431372549
0.21568627450980393
0.12941176470588234
0.1098039215686275
0.04705882352941182
0.0980392156862745
0.18823529411764706
0.23529411764705888
0.2901960784313725
0.33725490196078434
0.403921568627451
0.47058823529411764
0.5294117647058824
0.5607843137254902
0.615686274509804
0.6313725490196078
0.6352941176470588
0.6862745098039216
0.6745098039215687
0.7058823529411764
0.6745098039215687
0.6980392156862745
0.6980392156862745
0.6588235294117647
0.6941176470588235
0.6901960784313725
0.6588235294117647
0.6901960784313725
0.6549019607843137
0.7019607843137254
0.7098039215686274
0.6666666666666667
0.6705882352941177
0.6901960784313725
0.7058823529411764
0.6901960784313725
0.6862745098039216
0.6627450980392157
0.6862745098039216
0.40784313725490196
0.16078431372549018
0.1843137254901961
0.196078431372549
0.21176470588235297
0.22352941176470587
0.23921568627450984
0.1333333333333333
0.07843137254901966
0.1568627450980392
0.17647058823529416
0.22745098039215683
0.3058823529411765
0.30980392156862746
0.2823529411764706
0.2823529411764706
0.2666666666666667
0.2823529411764706
0.2431372549019608
0.17647058823529416
0.1568627450980392
0.11372549019607847
0.11764705882352944
0.06666666666666665
0.0980392156862745
0.19999999999999996
0.30980392156862746
0.3294117647058824
0.3411764705882353
0.4
0.4784313725490196
0.5254901960784314
0.5607843137254902
0.607843137254902
0.6
0.6431372549019607
0.6627450980392157
0.6901960784313725
0.6549019607843137
0.6666666666666667
0.7137254901960784
0.6784313725490196
0.7176470588235294
0.7176470588235294
0.6862745098039216
0.7098039215686274
0.6980392156862745
0.6549019607843137
0.6784313725490196
0.6862745098039216
0.6627450980392157
0.6588235294117647
0.6901960784313725
0.6901960784313725
0.6549019607843137
0.6784313725490196
0.6627450980392157
0.6313725490196078
0.4666666666666667
0.1725490196078432
0.1568627450980392
0.17647058823529416
0.21176470588235297
0.2196078431372549
0.20392156862745103
0.196078431372549
0.17647058823529416
0.16078431372549018
0.16078431372549018
0.22352941176470587
0.23921568627450984
0.24705882352941178
0.2941176470588235
0.3019607843137255
0.2823529411764706
0.21568627450980393
0.23529411764705888
0.15294117647058825
0.1098039215686275
0.11764705882352944
0.06274509803921569
0.0980392156862745
0.14509803921568631
0.20392156862745103
0.2784313725490196
0.32156862745098036
0.36078431372549025
0.3803921568627451
0.4392156862745098
0.4745098039215686
0.5686274509803921
0.580392156862745
0.6352941176470588
0.6627450980392157
0.6745098039215687
0.6705882352941177
0.6745098039215687
0.6745098039215687
0.7176470588235294
0.6901960784313725
0.6941176470588235
0.7372549019607844
0.7019607843137254
0.7254901960784313
0.6470588235294117
0.7019607843137254
0.6431372549019607
0.6823529411764706
0.6509803921568628
0.6784313725490196
0.6980392156862745
0.6941176470588235
0.7098039215686274
0.6901960784313725
0.6431372549019607
0.7137254901960784
0.6862745098039216
0.19215686274509802
0.1843137254901961
0.18039215686274512
0.18823529411764706
0.2196078431372549
0.22352941176470587
0.24705882352941178
0.196078431372549
0.17647058823529416
0.17647058823529416
0.1686274509803921
0.21176470588235297
0.2196078431372549
0.2705882352941177
0.2705882352941177
0.2666666666666667
0.2196078431372549
0.1843137254901961
0.12941176470588234
0.11764705882352944
0.1098039215686275
0.07058823529411762
0.09411764705882353
0.14901960784313728
0.24705882352941178
0.2705882352941177
0.32156862745098036
0.33725490196078434
0.37254901960784315
0.4549019607843138
0.4745098039215686
0.5176470588235293
0.584313725490196
0.615686274509804
0.6431372549019607
0.6196078431372549
0.6431372549019607
0.6823529411764706
0.6784313725490196
0.6784313725490196
0.7294117647058824
0.7019607843137254
0.7019607843137254
0.6980392156862745
0.6823529411764706
0.6823529411764706
0.7058823529411764
0.7176470588235294
0.6862745098039216
0.6980392156862745
0.6823529411764706
0.6784313725490196
0.6901960784313725
0.6941176470588235
0.6666666666666667
0.6901960784313725
0.6901960784313725
0.6705882352941177
0.1725490196078432
0.19215686274509802
0.18039215686274512
0.21568627450980393
0.2313725490196078
0.18823529411764706
0.23921568627450984
0.22352941176470587
0.1686274509803921
0.18039215686274512
0.20392156862745103
0.2313725490196078
0.21176470588235297
0.23921568627450984
0.20392156862745103
0.196078431372549
0.16470588235294115
0.12941176470588234
0.14901960784313728
0.10196078431372546
0.07450980392156858
0.07843137254901966
0.11764705882352944
0.18823529411764706
0.24705882352941178
0.3176470588235294
0.3294117647058824
0.3764705882352941
0.42352941176470593
0.4549019607843138
0.48235294117647054
0.5764705882352941
0.5490196078431373
0.6274509803921569
0.6392156862745098
0.6313725490196078
0.6588235294117647
0.6745098039215687
0.7058823529411764
0.6901960784313725
0.7176470588235294
0.7137254901960784
0.6980392156862745
0.6745098039215687
0.6862745098039216
0.7254901960784313
0.6901960784313725
0.6980392156862745
0.6941176470588235
0.6823529411764706
0.6980392156862745
0.6784313725490196
0.6941176470588235
0.6627450980392157
0.7098039215686274
0.7058823529411764
0.6745098039215687
0.6705882352941177
0.207843137254902
0.22745098039215683
0.20392156862745103
0.19999999999999996
0.21176470588235297
0.23921568627450984
0.18823529411764706
0.2196078431372549
0.19999999999999996
0.16078431372549018
0.196078431372549
0.18823529411764706
0.207843137254902
0.22352941176470587
0.14901960784313728
0.0980392156862745
0.11764705882352944
0.08235294117647063
0.0980392156862745
0.06666666666666665
0.07450980392156858
0.09019607843137256
0.15294117647058825
0.19999999999999996
0.24705882352941178
0.3019607843137255
0.33333333333333337
0.388235294117647
0.4117647058823529
0.45882352941176474
0.5254901960784314
0.5529411764705883
0.5725490196078431
0.592156862745098
0.6196078431372549
0.6196078431372549
0.6705882352941177
0.6627450980392157
0.6941176470588235
0.6784313725490196
0.6901960784313725
0.7176470588235294
0.6862745098039216
0.6980392156862745
0.6980392156862745
0.6823529411764706
0.6941176470588235
0.7137254901960784
0.6745098039215687
0.6784313725490196
0.6862745098039216
0.6666666666666667
0.7019607843137254
0.6705882352941177
0.6627450980392157
0.6431372549019607
0.6980392156862745
0.603921568627451
0.17647058823529416
0.21568627450980393
0.21568627450980393
0.2196078431372549
0.2313725490196078
0.22352941176470587
0.24705882352941178
0.19215686274509802
0.1725490196078432
0.21568627450980393
0.1843137254901961
0.18823529411764706
0.20392156862745103
0.2588235294117647
0.21568627450980393
0.05490196078431375
0.050980392156862786
0.06666666666666665
0.0980392156862745
0.09019607843137256
0.10588235294117643
0.11764705882352944
0.16078431372549018
0.22352941176470587
0.26274509803921564
0.3137254901960784
0.36078431372549025
0.388235294117647
0.4274509803921569
0.45882352941176474
0.5098039215686274
0.5686274509803921
0.5725490196078431
0.584313725490196
0.6352941176470588
0.6862745098039216
0.6470588235294117
0.6588235294117647
0.6509803921568628
0.6823529411764706
0.7019607843137254
0.6901960784313725
0.6784313725490196
0.6745098039215687
0.6627450980392157
0.6862745098039216
0.6862745098039216
0.6745098039215687
0.7098039215686274
0.6980392156862745
0.7058823529411764
0.7137254901960784
0.6862745098039216
0.7019607843137254
0.6470588235294117
0.6862745098039216
0.6784313725490196
0.4666666666666667
0.14509803921568631
0.22352941176470587
0.207843137254902
0.22745098039215683
0.25098039215686274
0.25098039215686274
0.24705882352941178
0.207843137254902
0.17647058823529416
0.21568627450980393
0.1686274509803921
0.21176470588235297
0.21176470588235297
0.2431372549019608
0.19999999999999996
0.1333333333333333
0.07450980392156858
0.07843137254901966
0.019607843137254943
0.07843137254901966
0.10588235294117643
0.13725490196078427
0.19999999999999996
0.22745098039215683
0.29803921568627456
0.3058823529411765
0.3803921568627451
0.4117647058823529
0.44705882352941173
0.49411764705882355
0.5137254901960784
0.5607843137254902
0.580392156862745
0.6352941176470588
0.6313725490196078
0.6274509803921569
0.6627450980392157
0.6745098039215687
0.6549019607843137
0.7019607843137254
0.7019607843137254
0.6705882352941177
0.6705882352941177
0.6901960784313725
0.7058823529411764
0.7137254901960784
0.6470588235294117
0.7058823529411764
0.6705882352941177
0.6745098039215687
0.6823529411764706
0.6666666666666667
0.7019607843137254
0.6705882352941177
0.6941176470588235
0.7098039215686274
0.6901960784313725
0.5490196078431373
0.18039215686274512
0.22352941176470587
0.21568627450980393
0.196078431372549
0.21176470588235297
0.25098039215686274
0.23921568627450984
0.22745098039215683
0.207843137254902
0.21176470588235297
0.19215686274509802
0.21176470588235297
0.21176470588235297
0.196078431372549
0.21176470588235297
0.15294117647058825
0.1098039215686275
0.0980392156862745
0.039215686274509776
0.0862745098039216
0.16470588235294115
0.207843137254902
0.2549019607843137
0.2784313725490196
0.3254901960784313
0.34901960784313724
0.3686274509803922
0.4509803921568627
0.4509803921568627
0.5019607843137255
0.5176470588235293
0.5490196078431373
0.5725490196078431
0.592156862745098
0.6274509803921569
0.6235294117647059
0.6470588235294117
0.6745098039215687
0.6588235294117647
0.7137254901960784
0.6901960784313725
0.6666666666666667
0.7176470588235294
0.6980392156862745
0.6627450980392157
0.6823529411764706
0.6862745098039216
0.7098039215686274
0.6666666666666667
0.6862745098039216
0.6823529411764706
0.7058823529411764
0.6784313725490196
0.6823529411764706
0.6705882352941177
0.6823529411764706
0.6941176470588235
0.5647058823529412
0.19215686274509802
0.20392156862745103
0.21568627450980393
0.22352941176470587
0.22352941176470587
0.2549019607843137
0.2549019607843137
0.2588235294117647
0.23921568627450984
0.196078431372549
0.22352941176470587
0.207843137254902
0.196078431372549
0.2196078431372549
0.1568627450980392
0.13725490196078427
0.10588235294117643
0.08235294117647063
0.050980392156862786
0.11372549019607847
0.18823529411764706
0.1843137254901961
0.2941176470588235
0.2784313725490196
0.34901960784313724
0.3764705882352941
0.388235294117647
0.42352941176470593
0.4666666666666667
0.4980392156862745
0.5490196078431373
0.5686274509803921
0.5882352941176471
0.596078431372549
0.6235294117647059
0.6627450980392157
0.6509803921568628
0.6862745098039216
0.6941176470588235
0.6784313725490196
0.7254901960784313
0.7098039215686274
0.7098039215686274
0.6862745098039216
0.6941176470588235
0.6705882352941177
0.7098039215686274
0.7098039215686274
0.6823529411764706
0.6784313725490196
0.6862745098039216
0.6627450980392157
0.6901960784313725
0.6666666666666667
0.6980392156862745
0.6862745098039216
0.7176470588235294
0.6470588235294117
0.19215686274509802
0.22745098039215683
0.22352941176470587
0.23529411764705888
0.2431372549019608
0.2313725490196078
0.24705882352941178
0.25098039215686274
0.23921568627450984
0.23921568627450984
0.22352941176470587
0.196078431372549
0.17647058823529416
0.14901960784313728
0.1725490196078432
0.13725490196078427
0.06666666666666665
0.07450980392156858
0.05490196078431375
0.17647058823529416
0.1843137254901961
0.3019607843137255
0.28627450980392155
0.32156862745098036
0.3529411764705882
0.35686274509803917
0.4392156862745098
0.4627450980392157
0.4666666666666667
0.5215686274509803
0.5294117647058824
0.611764705882353
0.603921568627451
0.6392156862745098
0.6509803921568628
0.603921568627451
0.6705882352941177
0.7019607843137254
0.6941176470588235
0.6705882352941177
0.6980392156862745
0.6980392156862745
0.7058823529411764
0.7019607843137254
0.6941176470588235
0.6627450980392157
0.6901960784313725
0.7176470588235294
0.7176470588235294
0.7215686274509804
0.6705882352941177
0.6980392156862745
0.7058823529411764
0.6784313725490196
0.7019607843137254
0.6627450980392157
0.6666666666666667
0.6666666666666667
0.6823529411764706